10.051026224325222
9.940643746298088
9.917871548272661
9.951674348445703
9.869798592572613
9.953087482304497
10.043673413178372
10.135271100479404
10.22805278757151
9.970045662596112
9.964747775679761
9.999474025860565
9.98496147032144
10.050940832311428
10.062238175798461
9.923112850890115
10.045554457341543
9.85974501306219
9.953427801298284
10.109594760200284
10.01914837252713
9.837306892219782
10.168787683742263
9.815028941939238
10.12748388268329
10.031583525574362
10.069164318802272
10.027620658194218
10.053293430802066
9.870888388917837
10.329060789772985
9.901996799168474
9.879967899778263
9.990790171744932
10.20715528494882
9.941273120131244
10.045224083814599
9.894243341419614
10.05381531213396
10.177764025861164
10.041359895717367
9.866241002599573
9.991272128142507
9.95233164587964
10.055812321819309
9.992777454146749
9.69797800851508
10.053498982904253
10.062243340972646
10.035467197462927
10.017395570020701
10.0012394741112
10.080876483431531
9.994463937257455
10.018620041729742
9.946740897916925
9.999479081905605
9.989479953819567
10.04436587897261
9.843835644912389
9.958315418301598
10.007722575004925
9.962903946314345
9.983912539103816
10.06320281870916
10.097385627184888
10.038542645772178
10.09593679188732
9.998085925039094
10.051773523060525
9.997714455711739
10.150481688218157
9.987630253152561
10.107109957569616
10.092098808717918
10.254052242756563
10.20059448785598
10.041040155564854
10.123940865785839
9.938802110144541
9.952032605167702
9.944288691950009
10.040280545440359
10.020259756265556
10.13511710677395
10.126845173022408
9.907046615167488
10.073160746441504
10.094532700652568
9.892690197936883
10.119959042594955
10.252437423808708
10.09905091964432
9.819165064392472
9.87415777697836
10.048372820664914
10.117135854907069
9.977088394825978
10.040688639139397
10.01738223288432
9.964671597582962
10.08976342979248
9.88144426162418
10.040672325306419
9.981767285334035
10.023096116589702
9.797542577912633
10.149880135039393
10.059764455653646
9.993861387596317
9.99184147408599
9.905164638139167
9.780143158820442
10.07760397027602
10.0882413723767
9.793099216626825
10.024208082746703
10.071313224751169
9.945857796803788
9.957611808267261
9.927918501666374
10.104587530014943
9.810139215980044
10.067820008795469
9.885015610675982
9.892430614901846
10.023076475724912
9.929111338803558
9.948943988080185
9.909798260128769
10.139643254490544
9.837878687883101
9.935128513604381
10.078861879937943
9.900755987131737
9.981106218668424
9.821460727507775
9.866970647289904
9.854449516116869
9.990264599302387
10.053114711268007
9.899087030209813
9.940111391078986
10.027464630623959
9.915666516025833
9.886943139857282
9.876123742130146
9.891385021194898
9.90947470466303
10.048713730561792
10.089554314777747
10.08969260328346
10.133934143327533
9.849147053032928
9.910728951815116
10.282049758628215
10.109321806989726
10.08389162747262
9.95101826586478
10.066916631487365
9.944111232421427
9.953527738141949
10.256367964600173
10.090542752760518
10.04668693945268
10.0088039759848
10.106958142471322
9.98920536275727
10.0516327192121
10.016734959167687
10.115709972371878
9.983320543340708
9.981701426077022
10.148638732154549
9.990354909386124
10.135139588290093
9.909989431351603
10.059589562473949
10.116618926896406
9.93009536758374
9.876895130205869
10.099521174019195
10.084610697620983
9.918128729109297
9.820878348968117
9.806492487740204
10.035194256819064
9.841043994750141
10.003048156528637
9.982728686392587
10.033439332920539
10.091937645111662
10.17252595690447
10.027436079957539
9.921751538779832
10.217778075984995
9.923588329089666
10.083342763829046
10.007577856839054
10.109340051833742
10.00913414393416
9.904583970291753
9.998234672872163
9.866505754596941
10.055506553869611
9.960509286494963
9.919493487582328
9.939285957544632
10.08449453336292
10.143443146517937
10.099171813316998
10.137397026916343
10.033032832310719
9.863600366959911
9.745701850261625
10.035136945302424
9.95898200498397
9.963113250712484
9.968429531475216
9.970491435647899
10.00156959378646
9.868481222966025
10.006860032801017
9.905582834661685
9.89600751904599
10.038439864260274
9.8679922746026
9.901550624033836
9.75021356637269
10.019033054883366
9.807235985272298
9.973821605327695
9.924041662902674
10.112363688420896
9.996671116896438
9.97657473739819
9.84192204817363
9.949842742870082
9.838221538530584
9.919731962709054
10.117916917755606
10.10064699356989
10.07257103773129
9.979056760306209
9.829005452822608
10.008753710249112
10.004956234169702
9.899669380554062
10.102892528760048
9.88277840037275
10.041397442385577
10.12250382789308
10.127608017487265
10.141460866961815
9.874009688707151
9.893892307822167
10.032225949780994
9.980622169386027
10.02806445235097
10.22466014859074
9.882087701074964
10.032811151672368
9.957339200417639
9.872701277591476
9.986811127559509
10.000913674593859
9.981279421808125
9.906936509319959
10.067247774439132
10.073765354772021
9.995118513480795
9.844119169583342
10.023475257386169
9.812868414402608
9.867985119840647
9.92332646251056
9.973209101524432
10.0468153731908
9.899455188433295
9.937736472199923
9.968601119564648
9.991945070767095
9.868535712061199
10.026271401675148
9.97101497102019
9.933661213750089
9.951295289736745
9.965816191468763
10.062590129649498
9.997450117304684
9.974089768813611
9.950948843944822
10.09201522404035
9.966071146622177
9.860377783193156
10.073194708898368
10.136056000624485
10.03697381479945
9.890158688168313
9.994486199862562
9.831758961033165
10.0033353793609
9.965965202862456
10.088001387340917
10.109020838162964
9.846571255378874
10.224808954177263
10.00903463397889
10.003939257698484
10.064029890036641
10.045509068005348
9.920659583382136
10.049484666771674
9.90125276701758
9.874251312055394
10.087868464264854
10.004156925092785
9.967248118866012
9.978575492092764
9.949924472407863
10.106999305035202
10.058539333513753
9.939482178645799
10.043116354682216
9.875747309595647
9.95910298775912
10.080289648971819
9.963946256597136
9.941351660958713
9.833800211991674
9.91672717842
9.792557371161914
10.056113467954157
9.921770649656931
9.939921711859833
10.00922235783038
10.048811386782342
9.96827588011309
9.968976191012953
10.07935472074184
9.970130445282203
10.050302861040297
9.81784327825392
9.984687214439235
10.00727817970812
9.971793395252249
9.919674653257843
10.019925388671034
9.933483102553659
10.133049173713811
10.11613723070178
9.864346877038436
9.998890272160082
9.990669176213496
9.984958895708507
9.982802867501036
9.950010053499035
9.975366329424842
9.902490434054268
10.00591771757937
10.119117231101939
9.851500516625892
9.744391642614465
9.943574345316204
9.982360672827788
9.976347875581409
9.92625242094163
10.08695596150284
10.042557657300552
10.052954222649921
9.731688961967308
9.943824193145169
9.944264713957644
10.021031111823627
10.05309106791467
9.899269572788947
9.861858733244889
9.899379383813828
10.095891647736234
10.079770104498694
9.783298200019752
9.886110871763092
10.055141781125482
10.035150890494249
9.69019630199076
10.024179513227233
9.95915773046818
10.0183466364711
9.787431081492064
10.113359706454016
10.010384483831444
9.984733559125376
10.061701659430888
10.061422242124063
10.055443134061466
9.889986030069284
9.792911685149924
10.088910419502406
10.127278101666244
9.944990444270827
9.921324725836497
10.00610458215491
9.98265144558619
9.96569265731326
10.08770180231672
10.006022327595957
9.920552735676308
9.862885405336389
10.04124045945325
10.003982594082279
9.750110857824131
9.997469086892137
9.870974663298192
10.262805765343026
10.069616178903535
10.16353213929609
9.952583705858318
10.039052072440944
10.059275233883998
9.979762371966647
9.992416194970115
10.058922195624403
9.987182838308584
10.117067306259633
10.103133235667082
9.935312728907562
9.94099424387453
9.93028080894
10.063567498461852
10.10822654493166
10.110391167793187
10.097378532528607
9.930896228037527
10.028803188569288
9.98622284762
10.079623278893617
9.920142395218488
9.958050978352071
9.88534597366545
10.037384529249543
9.91840233488459
9.95095477485531
10.062175808012848
10.029180293169432
10.082596384815425
9.94702667836577
9.97833559804892
10.148040478996716
10.073443539804359
10.018781436753068
9.699365864260887
10.143566367431115
9.91517098721073
10.024737561066875
10.040659500872794
9.875983376141283
10.130462903624757
10.015147431994382
9.944669737028912
10.090782511769552
10.10068758044799
9.939936266948239
10.062691676472392
10.06487831571742
10.073548145731067
10.101037998685126
9.775501794133744
10.035751164273027
10.109250443444271
10.023923466998665
10.01539126210769
9.980819902623603
10.016285648634765
9.98737090329147
9.848626502990683
10.083317528896334
9.879377572737676
9.942982562323973
10.003850050363893
10.07007740221868
10.039367426707429
9.912787091195623
9.808497761015223
9.988976308823261
9.97861576071545
9.845181513180732
10.058439063912648
9.903629691554027
10.010916682963932
9.912818752162845
10.118341934545379
10.053960570326721
10.040312223961056
10.085753595461066
10.291313836138183
9.981861854957746
10.03604704979237
9.949185254196195
10.013295169771188
9.889697000879865
10.04024578893543
10.04374377123817
9.925928053085883
10.049478755437187
10.241956238127875
10.034700947372933
10.016821310313928
10.011011990163066
9.996531842785934
10.008756297908205
9.912102741940531
10.047015643269793
10.039177056767562
10.046313457377527
10.154523548780308
9.917961445363563
9.893257921151543
10.228990641118857
9.885476085075869
9.99623615898354
9.99011395153899
9.907595598454463
10.308200253937912
10.03608191701509
9.917449922446647
9.886798773957443
10.029714621764429
9.968702228766096
10.054132633847102
10.03027127674417
9.95162762457926
10.070913136999488
10.07829193569348
10.114209164114135
9.905016632021598
10.080400093777916
9.962198417082645
9.983040374541838
9.979081082412128
10.079787720732948
9.87610647401386
9.966396393135682
10.005243098169952
10.060959148673751
9.90035663823991
10.115160912514867
9.95750121566801
10.065343101875717
10.059332153937271
10.02057075500451
9.92998874947073
9.952583552886999
10.032943376914409
9.80103496692925
10.126638629953375
9.90989323249914
10.123767235390066
10.03983799830666
10.027018288272911
10.058610989319257
9.816559297754502
10.053793322698603
10.134099429928092
9.955050271627028
10.134692829505388
9.790060110884163
10.015234112645938
9.844523296796538
10.121108353602374
9.984265819933116
9.960759785357396
9.964632321324357
10.037725246536178
10.030333308277312
10.0122259325278
10.03935379723106
10.106344535936659
9.918430058501654
9.914274420054891
10.120369970390238
9.993688249424725
10.024754733016842
9.853724561609718
10.058782187511067
9.966215887030797
9.894111892590212
10.039635395522398
10.153209869271015
9.874217311178926
10.089823502478238
9.91035717419525
10.041507890036572
10.07375010764877
9.949148323805096
9.841468670154784
10.091786382598226
9.989838500193084
10.066376740795208
10.001729581088533
9.95720965972343
9.8639348135332
10.001497123731472
9.897049406214464
9.99637104397369
10.248124278847454
9.982332687331498
9.967109877079714
9.800839614349243
10.044699669567299
9.974597406092235
10.007585257138789
9.945195551330118
10.034258097365726
9.950839594259413
9.960331618480488
10.045072829261567
9.746125843978724
10.130401345366336
10.090563241855886
10.041208427326081
10.074700391381224
9.934836324000841
10.045115931022156
10.067083901254689
9.882840400951924
10.114474589372938
10.11168965788261
9.982095942293322
10.022233883095042
10.188058664555706
10.082484927501683
9.982244724928726
9.84996262273569
9.838343145362794
9.988894163770947
9.875774535513052
9.988844266910588
10.175670873968071
10.056950727576679
10.124180301284358
10.052268058963598
10.06192956748521
10.017625429965934
10.096203091650759
9.940596591862773
9.901840021901908
10.045823992981568
9.903386166105756
9.86104118137803
9.953357718578562
9.858057647975699
9.946274473413203
9.977259867483951
10.139121169253766
9.94745686056215
10.052853726522098
9.872999814248871
9.991324842595843
9.988677182997865
10.00672941024103
9.892431639324688
9.9615948209265
9.968047674154247
9.972175460585886
10.270591042780532
9.87900295670729
9.896169143238794
9.929714163239497
9.99727623546241
9.991095498793644
10.04055899223713
10.168741116815596
10.012398494845664
9.863354648958506
10.049937035973663
9.953389982038575
9.843288252920855
9.973486844636517
9.86137649794829
9.837551269584896
10.154238225169715
9.810534500817614
9.9753375470731
10.142833064327727
9.901759589961932
10.131521090637257
10.10529754394596
10.110003288718293
10.14112849299778
10.007613871119808
10.022479160860758
9.88897369782526
9.877126399089724
10.007721155290366
10.06828909523436
10.143967000547606
10.037560700679343
10.17907537732915
10.150605701492626
9.930461987061808
10.163889730120896
10.037719933011617
10.035766060523764
10.078756836783338
9.998998566396239
10.163441343372188
9.909400221249681
10.052820596851454
10.064221735565289
9.87937664931684
10.138436126660286
10.11595098811097
9.98683307492
9.903244455596043
10.030608341543255
10.081222808635424
9.95090154097916
10.03244439467193
9.882614726699845
10.072104170494256
9.984570684225076
10.020874139932268
10.034954065359319
10.117742445155276
10.10443666105605
10.026268475234556
9.949359327383217
10.122912806059233
9.933144223457525
9.98931649252015
9.863390070187801
9.998187617776422
10.00997975696373
10.034655416526784
9.86701305998632
9.949595266817807
9.969986572079847
9.903061571624637
9.989686765652129
10.034485287201683
9.91092836964099
10.147385933497057
9.926094716374726
9.944576486080473
9.87773761541585
9.9209618428684
9.916431815802566
9.812913169352907
9.941596376737854
10.095902986994561
10.003163240476665
10.027942063189403
9.996418691062294
10.091616796108502
10.009943892319107
9.823471143670274
10.11972304814963
9.956756059405409
10.006937988081738
10.04119928406592
10.023654344891758
10.048032664122879
9.919914211726176
9.84770958346404
10.065219409931647
10.017287399198766
10.001010818122694
10.00747983239491
10.275092047522564
9.824672010948806
10.005495891762084
10.046570194179738
9.959454798630754
9.991595465649405
10.042454432564345
9.890747150240903
10.003118466511877
10.05498788093765
9.960421646816998
10.079072168816829
10.036660025118657
10.211150789041707
10.099698893855656
9.9692253476965
10.00829279014188
10.08641422598863
9.98436420898394
9.795542135242759
9.987946291380906
10.08926206660557
9.863482122176256
10.174806550354035
10.164359431324156
9.96348427761014
10.059289070794147
9.952367958317634
9.881598167132964
9.881722372581553
10.070489770951507
9.922344036217467
10.135258271281337
9.953001990708227
9.846135791399602
9.95967496985171
10.010020276724273
9.945384497522507
9.914057058272732
9.883601566680598
10.089511593753311
10.0326726285771
10.011632327162975
9.938129619119199
9.92313342056336
9.87459504690488
10.034795608866064
10.114951524760198
9.9539678340308
10.153810731109424
9.869296523303031
9.958539155740018
9.847416004514004
10.122057614607877
9.829318077781203
9.923965737429802
9.776001476997747
9.908893792296789
10.197781489605754
9.920673758174779
10.180512258745441
9.99295775614987
9.963185294416661
10.022002418340039
9.859300671645974
10.012230191479176
9.985636257343298
10.027979751792378
10.091809564648909
10.211100874851477
10.078866839263998
10.043551721905319
9.878576163492882
10.034132314450332
10.084298276139483
10.026140864194886
9.981915137812567
10.041666109386604
9.898312541650641
10.023378776104103
9.899114443343807
10.029159808664991
10.136749256218883
9.739745083786262
10.050724852438366
9.906102338201936
10.075970928265473
9.988531402737232
10.090450753602585
9.871531885550647
10.079438330205521
10.016047050818264
10.045239991129275
9.850588793630024
10.051582172783977
10.014292518685647
10.170227144559606
9.9123689995947
9.924909851833753
9.962700969825454
10.043855028166782
10.028323452256162
10.041920902838966
9.988380360926147
9.8719075976195
9.897472224407279
9.913395366413134
9.876383196134238
9.853318833475324
9.938361706832195
9.93282640178224
10.062095459005457
10.151245061320717
9.991207340874091
10.157594759724539
9.971899819673101
9.942145035696837
9.966664234186847
9.981348479584355
9.839292739021692
9.771931668487415
9.996267208338645
10.123465399418937
9.996470924533552
9.964391557846152
10.100870223350054
10.020710495433581
10.002716730067785
9.898558633488037
9.85491642501253
9.844271269165056
9.883514822169406
9.857609044060831
9.968268069424449
9.895362979183563
9.912991046146438
9.88209870074188
9.982552377526098
9.899816542996593
9.964942026296955
9.904548671035911
9.94438508127631
9.914801344263543
10.038841132472427
10.067822350952646
9.898171383807048
10.012216172703308
9.942882087986945
9.950180519468447
10.113735715400274
10.135907249391177
9.93136989750342
10.059103877944901
10.037976393898502
10.192591634734612
9.99136915238121
10.106662528535223
9.94584156482898
9.844147428340928
9.892905375294992
9.820240037406794
9.845575781797933
10.075114209980288
10.013355549819662
10.102938330825715
9.999292507128056
9.96158931310015
10.1276131931469
9.934605983510288
9.991783277935276
10.019465711438448
10.168703748269285
9.955232917478911
9.9358101891436
9.919258237280806
10.078839238950069
10.004283315985337
10.122712858967505
10.013759288122289
10.057213565569755
9.81171601230835
9.952210314966672
10.11897992293955
10.006132787346374
9.909195312087947
10.11186892212271
9.987690799239106
10.01897818762672
9.930580771904202
10.12818333320882
10.159620208386547
9.909532586227797
10.045833515949797
9.747758553168456
10.033624347229555
10.00923717313388
10.016543265049274
9.796816034757331
10.00036052970613
10.15960826687768
9.952614142413003
9.773205623851807
10.061694506316034
9.992041663297572
9.961326398693759
9.928469967316392
10.066134410824764
10.046193704173094
9.922659506391787
10.020021507677834
9.869951839487689
9.927529340497102
10.127799078898382
9.809352429844683
10.06488558429977
10.095662808012928
9.94179001201111
9.944514798783779
10.113555342989555
9.87950237391839
10.004408517214218
9.972399375562548
10.025664887239694
10.042886089361648
10.139139315980563
9.930155545859874
9.720553926858823
10.156940384576297
10.17707366707811
10.03793161314353
10.074825216572936
9.955344480500434
