0.9103246895085089;0.0
0.9109711971676118;5.0000000000001446e-05
0.9116177048267147;5.0000000000001446e-05
0.9122642124858177;5.0000000000001446e-05
0.9129107201449206;5.0000000000001446e-05
0.9135572278040235;5.0000000000001446e-05
0.9142037354631264;5.0000000000001446e-05
0.9148502431222293;5.0000000000001446e-05
0.9154967507813322;5.0000000000001446e-05
0.9161432584404352;5.0000000000001446e-05
0.9167897660995381;5.0000000000001446e-05
0.917436273758641;5.0000000000001446e-05
0.9180827814177439;5.0000000000001446e-05
0.9187292890768468;5.0000000000001446e-05
0.9193757967359497;5.0000000000001446e-05
0.9200223043950527;5.0000000000001446e-05
0.9206688120541556;5.0000000000001446e-05
0.9213153197132585;5.0000000000001446e-05
0.9219618273723614;5.0000000000001446e-05
0.9226083350314643;5.0000000000001446e-05
0.9232548426905672;5.0000000000001446e-05
0.9239013503496702;5.0000000000001446e-05
0.9245478580087731;5.0000000000001446e-05
0.925194365667876;5.0000000000001446e-05
0.925840873326979;5.0000000000001446e-05
0.9264873809860819;5.0000000000001446e-05
0.9271338886451848;5.0000000000001446e-05
0.9277803963042878;5.0000000000001446e-05
0.9284269039633907;5.0000000000001446e-05
0.9290734116224936;5.0000000000001446e-05
0.9297199192815965;5.0000000000001446e-05
0.9303664269406994;5.0000000000001446e-05
0.9310129345998023;5.0000000000001446e-05
0.9316594422589053;5.0000000000001446e-05
0.9323059499180082;5.0000000000001446e-05
0.9329524575771111;5.0000000000001446e-05
0.933598965236214;5.0000000000001446e-05
0.9342454728953169;5.0000000000001446e-05
0.9348919805544198;5.0000000000001446e-05
0.9355384882135228;0.00010000000000000289
0.9361849958726257;0.00010000000000000289
0.9368315035317286;0.00010000000000000289
0.9374780111908315;0.00010000000000000289
0.9381245188499344;0.00010000000000000289
0.9387710265090373;0.00010000000000000289
0.9394175341681403;0.00010000000000000289
0.9400640418272432;0.00010000000000000289
0.9407105494863461;0.00010000000000000289
0.941357057145449;0.00010000000000000289
0.9420035648045519;0.00010000000000000289
0.9426500724636548;0.00010000000000000289
0.9432965801227579;0.00010000000000000289
0.9439430877818608;0.00010000000000000289
0.9445895954409637;0.00015000000000000435
0.9452361031000666;0.00015000000000000435
0.9458826107591695;0.00015000000000000435
0.9465291184182724;0.00015000000000000435
0.9471756260773754;0.00015000000000000435
0.9478221337364783;0.00015000000000000435
0.9484686413955812;0.00015000000000000435
0.9491151490546841;0.00015000000000000435
0.949761656713787;0.00015000000000000435
0.9504081643728899;0.00015000000000000435
0.9510546720319929;0.00015000000000000435
0.9517011796910958;0.00015000000000000435
0.9523476873501987;0.00015000000000000435
0.9529941950093016;0.00015000000000000435
0.9536407026684045;0.00015000000000000435
0.9542872103275075;0.00015000000000000435
0.9549337179866104;0.00015000000000000435
0.9555802256457133;0.00015000000000000435
0.9562267333048162;0.00015000000000000435
0.9568732409639191;0.00020000000000000578
0.957519748623022;0.00020000000000000578
0.9581662562821249;0.00020000000000000578
0.9588127639412279;0.00020000000000000578
0.9594592716003308;0.00020000000000000578
0.9601057792594337;0.00020000000000000578
0.9607522869185366;0.00020000000000000578
0.9613987945776395;0.00024999999999999865
0.9620453022367426;0.00024999999999999865
0.9626918098958455;0.00024999999999999865
0.9633383175549484;0.00024999999999999865
0.9639848252140513;0.00024999999999999865
0.9646313328731542;0.00024999999999999865
0.9652778405322571;0.00024999999999999865
0.96592434819136;0.00024999999999999865
0.966570855850463;0.00024999999999999865
0.9672173635095659;0.00024999999999999865
0.9678638711686688;0.00024999999999999865
0.9685103788277717;0.00024999999999999865
0.9691568864868746;0.00024999999999999865
0.9698033941459776;0.00024999999999999865
0.9704499018050805;0.00024999999999999865
0.9710964094641834;0.00024999999999999865
0.9717429171232863;0.00024999999999999865
0.9723894247823892;0.0003000000000000001
0.9730359324414921;0.0003000000000000001
0.973682440100595;0.0003000000000000001
0.974328947759698;0.0003000000000000001
0.9749754554188009;0.0003000000000000001
0.9756219630779038;0.0003000000000000001
0.9762684707370067;0.0003000000000000001
0.9769149783961096;0.0003000000000000001
0.9775614860552126;0.0003000000000000001
0.9782079937143155;0.0003000000000000001
0.9788545013734185;0.0003000000000000001
0.9795010090325214;0.0003000000000000001
0.9801475166916243;0.0003000000000000001
0.9807940243507272;0.0003000000000000001
0.9814405320098302;0.0003500000000000015
0.9820870396689331;0.0003500000000000015
0.982733547328036;0.0003500000000000015
0.9833800549871389;0.0003500000000000015
0.9840265626462418;0.0003500000000000015
0.9846730703053447;0.0003500000000000015
0.9853195779644477;0.0003500000000000015
0.9859660856235506;0.0003500000000000015
0.9866125932826535;0.0003500000000000015
0.9872591009417564;0.00040000000000000295
0.9879056086008593;0.00040000000000000295
0.9885521162599622;0.00040000000000000295
0.9891986239190652;0.00040000000000000295
0.9898451315781681;0.00040000000000000295
0.990491639237271;0.00040000000000000295
0.9911381468963739;0.00040000000000000295
0.9917846545554768;0.00040000000000000295
0.9924311622145798;0.00040000000000000295
0.9930776698736827;0.00040000000000000295
0.9937241775327856;0.00040000000000000295
0.9943706851918885;0.00040000000000000295
0.9950171928509914;0.00040000000000000295
0.9956637005100943;0.00040000000000000295
0.9963102081691972;0.00040000000000000295
0.9969567158283003;0.0004500000000000044
0.9976032234874032;0.0004500000000000044
0.9982497311465061;0.0004500000000000044
0.998896238805609;0.0004500000000000044
0.9995427464647119;0.0004500000000000044
1.0001892541238149;0.0004500000000000044
1.0008357617829178;0.0004500000000000044
1.0014822694420207;0.0004500000000000044
1.0021287771011236;0.0005000000000000059
1.0027752847602265;0.0005500000000000073
1.0034217924193294;0.0005500000000000073
1.0040683000784323;0.0005500000000000073
1.0047148077375352;0.0005500000000000073
1.005361315396638;0.0005999999999999916
1.0060078230557412;0.0005999999999999916
1.0066543307148441;0.0005999999999999916
1.007300838373947;0.0005999999999999916
1.00794734603305;0.0005999999999999916
1.0085938536921528;0.000649999999999993
1.0092403613512557;0.000649999999999993
1.0098868690103586;0.0006999999999999945
1.0105333766694615;0.0006999999999999945
1.0111798843285644;0.0007499999999999959
1.0118263919876673;0.0007999999999999973
1.0124728996467702;0.0007999999999999973
1.0131194073058731;0.0008499999999999988
1.013765914964976;0.0008499999999999988
1.0144124226240792;0.0008499999999999988
1.015058930283182;0.0009000000000000002
1.015705437942285;0.0009000000000000002
1.0163519456013879;0.0009500000000000016
1.0169984532604908;0.0009500000000000016
1.0176449609195937;0.0009500000000000016
1.0182914685786966;0.001000000000000003
1.0189379762377995;0.001000000000000003
1.0195844838969024;0.001000000000000003
1.0202309915560053;0.001000000000000003
1.0208774992151082;0.001000000000000003
1.0215240068742113;0.001000000000000003
1.0221705145333142;0.001000000000000003
1.022817022192417;0.001000000000000003
1.02346352985152;0.001000000000000003
1.024110037510623;0.001000000000000003
1.0247565451697258;0.001000000000000003
1.0254030528288287;0.0010500000000000045
1.0260495604879316;0.0010500000000000045
1.0266960681470345;0.001100000000000006
1.0273425758061374;0.001100000000000006
1.0279890834652403;0.0011500000000000074
1.0286355911243432;0.0011500000000000074
1.0292820987834463;0.0012500000000000102
1.0299286064425492;0.0012500000000000102
1.0305751141016521;0.0012500000000000102
1.031221621760755;0.0013000000000000116
1.031868129419858;0.0013000000000000116
1.0325146370789609;0.0013000000000000116
1.0331611447380638;0.001350000000000013
1.0338076523971667;0.001350000000000013
1.0344541600562696;0.001350000000000013
1.0351006677153725;0.0014000000000000145
1.0357471753744754;0.0014000000000000145
1.0363936830335785;0.0014000000000000145
1.0370401906926814;0.001450000000000016
1.0376866983517843;0.001450000000000016
1.0383332060108872;0.001450000000000016
1.03897971366999;0.001450000000000016
1.039626221329093;0.001450000000000016
1.040272728988196;0.0015000000000000174
1.0409192366472988;0.0015500000000000188
1.0415657443064017;0.0016000000000000202
1.0422122519655046;0.0016000000000000202
1.0428587596246075;0.0016000000000000202
1.0435052672837104;0.0016000000000000202
1.0441517749428133;0.0016000000000000202
1.0447982826019164;0.0016000000000000202
1.0454447902610193;0.0016000000000000202
1.0460912979201222;0.0016500000000000217
1.0467378055792251;0.001700000000000023
1.047384313238328;0.001800000000000026
1.048030820897431;0.001800000000000026
1.0486773285565338;0.0018500000000000274
1.0493238362156367;0.0018500000000000274
1.0499703438747396;0.0018500000000000274
1.0506168515338425;0.0019000000000000288
1.0512633591929454;0.0019000000000000288
1.0519098668520486;0.0019000000000000288
1.0525563745111515;0.0019500000000000303
1.0532028821702544;0.0020000000000000317
1.0538493898293573;0.0020000000000000317
1.0544958974884602;0.0021000000000000346
1.055142405147563;0.0021000000000000346
1.055788912806666;0.0021000000000000346
1.0564354204657689;0.0022000000000000374
1.0570819281248718;0.0022000000000000374
1.0577284357839747;0.0022000000000000374
1.0583749434430776;0.0022000000000000374
1.0590214511021805;0.002250000000000039
1.0596679587612834;0.002300000000000023
1.0603144664203865;0.002300000000000023
1.0609609740794894;0.002300000000000023
1.0616074817385923;0.002300000000000023
1.0622539893976952;0.002300000000000023
1.0629004970567981;0.002300000000000023
1.063547004715901;0.002300000000000023
1.064193512375004;0.002300000000000023
1.0648400200341068;0.002300000000000023
1.0654865276932097;0.002400000000000026
1.0661330353523126;0.002400000000000026
1.0667795430114158;0.002400000000000026
1.0674260506705187;0.002400000000000026
1.0680725583296216;0.002400000000000026
1.0687190659887245;0.002400000000000026
1.0693655736478274;0.002400000000000026
1.0700120813069303;0.002400000000000026
1.0706585889660332;0.0024500000000000272
1.071305096625136;0.0024500000000000272
1.071951604284239;0.0024500000000000272
1.0725981119433419;0.0024500000000000272
1.0732446196024448;0.0025000000000000287
1.0738911272615477;0.0025000000000000287
1.0745376349206506;0.0025000000000000287
1.0751841425797535;0.0025500000000000128
1.0758306502388566;0.0025500000000000128
1.0764771578979595;0.0025500000000000128
1.0771236655570624;0.002600000000000014
1.0777701732161653;0.0026500000000000156
1.0784166808752682;0.002700000000000017
1.079063188534371;0.00280000000000002
1.079709696193474;0.002900000000000023
1.080356203852577;0.002900000000000023
1.0810027115116798;0.002900000000000023
1.0816492191707827;0.002950000000000007
1.0822957268298858;0.002950000000000007
1.0829422344889887;0.0030000000000000083
1.0835887421480916;0.0030500000000000097
1.0842352498071945;0.0030500000000000097
1.0848817574662974;0.0030500000000000097
1.0855282651254003;0.0032500000000000155
1.0861747727845033;0.003300000000000017
1.0868212804436062;0.003300000000000017
1.087467788102709;0.0033500000000000183
1.088114295761812;0.0033500000000000183
1.0887608034209149;0.0033500000000000183
1.0894073110800178;0.003450000000000021
1.0900538187391207;0.003450000000000021
1.0907003263982238;0.003450000000000021
1.0913468340573267;0.0035000000000000226
1.0919933417164296;0.0035000000000000226
1.0926398493755325;0.0036000000000000255
1.0932863570346354;0.003650000000000027
1.0939328646937383;0.003650000000000027
1.0945793723528412;0.0037000000000000284
1.095225880011944;0.0037000000000000284
1.095872387671047;0.00375000000000003
1.09651889533015;0.003900000000000034
1.0971654029892528;0.003950000000000019
1.097811910648356;0.003950000000000019
1.0984584183074588;0.00400000000000002
1.0991049259665617;0.0040500000000000215
1.0997514336256646;0.004150000000000024
1.1003979412847675;0.004200000000000026
1.1010444489438704;0.004300000000000029
1.1016909566029733;0.00435000000000003
1.1023374642620762;0.004500000000000034
1.1029839719211791;0.004600000000000037
1.103630479580282;0.004650000000000039
1.104276987239385;0.0047500000000000415
1.1049234948984878;0.0047500000000000415
1.1055700025575907;0.0047500000000000415
1.1062165102166939;0.0047500000000000415
1.1068630178757968;0.004800000000000043
1.1075095255348997;0.004850000000000044
1.1081560331940026;0.004850000000000044
1.1088025408531055;0.004900000000000046
1.1094490485122084;0.004900000000000046
1.1100955561713113;0.00505000000000005
1.1107420638304142;0.00505000000000005
1.111388571489517;0.005150000000000053
1.11203507914862;0.005200000000000037
1.112681586807723;0.00530000000000004
1.113328094466826;0.005350000000000041
1.113974602125929;0.005350000000000041
1.1146211097850318;0.005400000000000043
1.1152676174441347;0.005450000000000044
1.1159141251032376;0.005550000000000047
1.1165606327623405;0.005750000000000053
1.1172071404214434;0.005800000000000054
1.1178536480805463;0.005850000000000056
1.1185001557396492;0.00600000000000006
1.1191466633987521;0.006100000000000063
1.119793171057855;0.006100000000000063
1.120439678716958;0.006100000000000063
1.1210861863760608;0.006200000000000031
1.121732694035164;0.0062500000000000324
1.1223792016942669;0.006300000000000034
1.1230257093533698;0.006400000000000037
1.1236722170124727;0.00650000000000004
1.1243187246715756;0.006550000000000041
1.1249652323306785;0.006550000000000041
1.1256117399897814;0.006700000000000045
1.1262582476488843;0.006700000000000045
1.1269047553079872;0.006700000000000045
1.12755126296709;0.006750000000000029
1.1281977706261932;0.006800000000000031
1.128844278285296;0.006800000000000031
1.129490785944399;0.006800000000000031
1.130137293603502;0.006850000000000032
1.1307838012626048;0.006900000000000034
1.1314303089217077;0.006900000000000034
1.1320768165808106;0.006950000000000035
1.1327233242399135;0.007000000000000037
1.1333698318990164;0.007150000000000041
1.1340163395581193;0.007250000000000044
1.1346628472172222;0.007300000000000045
1.1353093548763251;0.007350000000000047
1.135955862535428;0.007549999999999984
1.1366023701945311;0.007699999999999988
1.137248877853634;0.007799999999999991
1.137895385512737;0.007849999999999992
1.1385418931718398;0.0081
1.1391884008309427;0.008200000000000002
1.1398349084900457;0.008350000000000007
1.1404814161491486;0.00845000000000001
1.1411279238082515;0.008650000000000015
1.1417744314673544;0.008700000000000017
1.1424209391264573;0.008950000000000024
1.1430674467855602;0.009049999999999992
1.1437139544446633;0.009149999999999995
1.1443604621037662;0.009149999999999995
1.145006969762869;0.009249999999999998
1.145653477421972;0.00935
1.146299985081075;0.009450000000000004
1.1469464927401778;0.00965000000000001
1.1475930003992807;0.009850000000000015
1.1482395080583836;0.01000000000000002
1.1488860157174865;0.010250000000000026
1.1495325233765894;0.01035000000000003
1.1501790310356923;0.01040000000000003
1.1508255386947952;0.01040000000000003
1.151472046353898;0.01040000000000003
1.1521185540130012;0.010450000000000032
1.1527650616721041;0.010550000000000035
1.153411569331207;0.010550000000000035
1.15405807699031;0.01070000000000004
1.1547045846494128;0.010800000000000042
1.1553510923085157;0.010850000000000044
1.1559975999676186;0.01105000000000005
1.1566441076267215;0.01110000000000005
1.1572906152858244;0.01110000000000005
1.1579371229449273;0.011250000000000003
1.1585836306040305;0.011600000000000013
1.1592301382631334;0.011650000000000015
1.1598766459222363;0.011750000000000017
1.1605231535813392;0.011750000000000017
1.161169661240442;0.011800000000000019
1.161816168899545;0.012100000000000027
1.1624626765586479;0.012300000000000033
1.1631091842177508;0.012400000000000036
1.1637556918768537;0.012650000000000043
1.1644021995359566;0.012700000000000045
1.1650487071950595;0.012750000000000046
1.1656952148541624;0.012850000000000049
1.1663417225132653;0.012950000000000052
1.1669882301723682;0.013150000000000057
1.167634737831471;0.01330000000000001
1.1682812454905742;0.013400000000000013
1.1689277531496771;0.013500000000000015
1.16957426080878;0.013550000000000017
1.170220768467883;0.013750000000000023
1.1708672761269858;0.013850000000000025
1.1715137837860887;0.014100000000000033
1.1721602914451916;0.014300000000000038
1.1728067991042945;0.01444999999999999
1.1734533067633977;0.014549999999999993
1.1740998144225006;0.014649999999999996
1.1747463220816035;0.014699999999999998
1.1753928297407064;0.014900000000000004
1.1760393373998093;0.014950000000000005
1.1766858450589122;0.015050000000000008
1.177332352718015;0.01510000000000001
1.177978860377118;0.015300000000000015
1.1786253680362209;0.01545000000000002
1.1792718756953238;0.01550000000000002
1.1799183833544267;0.015550000000000022
1.1805648910135296;0.015750000000000028
1.1812113986726325;0.01585000000000003
1.1818579063317354;0.01620000000000004
1.1825044139908383;0.01644999999999996
1.1831509216499414;0.01669999999999997
1.1837974293090443;0.016899999999999974
1.1844439369681472;0.01704999999999998
1.18509044462725;0.017199999999999983
1.185736952286353;0.017349999999999987
1.186383459945456;0.017699999999999997
1.1870299676045588;0.01785
1.1876764752636617;0.018000000000000006
1.1883229829227646;0.018199999999999942
1.1889694905818677;0.018349999999999946
1.1896159982409706;0.01849999999999995
1.1902625059000735;0.018699999999999956
1.1909090135591764;0.01879999999999996
1.1915555212182793;0.019049999999999966
1.1922020288773822;0.01919999999999997
1.1928485365364851;0.019699999999999985
1.193495044195588;0.019999999999999993
1.194141551854691;0.0202
1.1947880595137939;0.02025
1.1954345671728968;0.020450000000000006
1.1960810748319997;0.020500000000000008
1.1967275824911026;0.02060000000000001
1.1973740901502055;0.020700000000000014
1.1980205978093084;0.020849999999999966
1.1986671054684115;0.02094999999999997
1.1993136131275144;0.021099999999999973
1.1999601207866173;0.02134999999999998
1.2006066284457202;0.021549999999999986
1.201253136104823;0.02174999999999999
1.201899643763926;0.021899999999999996
1.202546151423029;0.0221
1.2031926590821318;0.022150000000000003
1.2038391667412347;0.022299999999999955
1.2044856744003378;0.02249999999999996
1.2051321820594407;0.022699999999999967
1.2057786897185436;0.022999999999999975
1.2064251973776465;0.023299999999999984
1.2070717050367494;0.023399999999999987
1.2077182126958523;0.02354999999999999
1.2083647203549552;0.02385
1.2090112280140581;0.024050000000000005
1.209657735673161;0.024050000000000005
1.210304243332264;0.024350000000000014
1.2109507509913668;0.024650000000000023
1.2115972586504697;0.024800000000000027
1.2122437663095726;0.02495000000000003
1.2128902739686755;0.025000000000000033
1.2135367816277784;0.0251
1.2141832892868816;0.025550000000000014
1.2148297969459845;0.02580000000000002
1.2154763046050874;0.026000000000000027
1.2161228122641903;0.02610000000000003
1.2167693199232932;0.02615000000000003
1.217415827582396;0.02650000000000004
1.218062335241499;0.02680000000000005
1.2187088429006019;0.02704999999999997
1.219355350559705;0.027199999999999974
1.220001858218808;0.02769999999999999
1.2206483658779108;0.027849999999999993
1.2212948735370137;0.02805
1.2219413811961166;0.028250000000000004
1.2225878888552195;0.028550000000000013
1.2232343965143224;0.02885000000000002
1.2238809041734253;0.02915000000000003
1.2245274118325282;0.029400000000000037
1.2251739194916311;0.029650000000000044
1.225820427150734;0.02985000000000005
1.226466934809837;0.030050000000000056
1.2271134424689398;0.030300000000000063
1.2277599501280427;0.03060000000000007
1.2284064577871456;0.030899999999999976
1.2290529654462488;0.031149999999999983
1.2296994731053517;0.03129999999999999
1.2303459807644546;0.03165
1.2309924884235575;0.03185
1.2316389960826604;0.03210000000000001
1.2322855037417633;0.03250000000000002
1.2329320114008662;0.03285000000000003
1.233578519059969;0.03310000000000004
1.234225026719072;0.03334999999999996
1.234871534378175;0.033749999999999974
1.235518042037278;0.034099999999999984
1.236164549696381;0.03455
1.2368110573554838;0.03505000000000001
1.2374575650145867;0.03545000000000002
1.2381040726736896;0.035500000000000025
1.2387505803327925;0.035550000000000026
1.2393970879918954;0.03610000000000004
1.2400435956509983;0.03630000000000005
1.2406901033101012;0.036550000000000055
1.2413366109692041;0.03700000000000007
1.241983118628307;0.03710000000000007
1.24262962628741;0.037650000000000086
1.2432761339465128;0.03790000000000009
1.2439226416056157;0.038249999999999985
1.2445691492647188;0.038950000000000005
1.2452156569238217;0.03910000000000001
1.2458621645829246;0.03935000000000002
1.2465086722420275;0.03955000000000002
1.2471551799011305;0.039650000000000026
1.2478016875602334;0.039950000000000034
1.2484481952193363;0.04025000000000004
1.2490947028784392;0.04045000000000005
1.249741210537542;0.040649999999999985
1.2503877181966452;0.041049999999999996
1.251034225855748;0.04155000000000001
1.251680733514851;0.04200000000000002
1.2523272411739539;0.04235000000000003
1.2529737488330568;0.042450000000000036
1.2536202564921597;0.04285000000000005
1.2542667641512626;0.04325000000000006
1.2549132718103655;0.043500000000000066
1.2555597794694684;0.043750000000000074
1.2562062871285713;0.04405000000000008
1.2568527947876742;0.044500000000000095
1.257499302446777;0.044800000000000104
1.25814581010588;0.04505000000000011
1.258792317764983;0.04535000000000012
1.2594388254240858;0.045550000000000056
1.260085333083189;0.04570000000000006
1.2607318407422918;0.046250000000000076
1.2613783484013947;0.04675000000000009
1.2620248560604976;0.0470500000000001
1.2626713637196005;0.04735000000000011
1.2633178713787034;0.04775000000000012
1.2639643790378063;0.04805000000000013
1.2646108866969092;0.04845
1.2652573943560124;0.04880000000000001
1.2659039020151153;0.04915000000000002
1.2665504096742182;0.04975000000000004
1.267196917333321;0.05025000000000005
1.267843424992424;0.05050000000000006
1.2684899326515269;0.05090000000000007
1.2691364403106298;0.05120000000000008
1.2697829479697327;0.051450000000000086
1.2704294556288356;0.0518500000000001
1.2710759632879385;0.05230000000000011
1.2717224709470414;0.052800000000000125
1.2723689786061443;0.053200000000000136
1.2730154862652472;0.053550000000000146
1.27366199392435;0.05415000000000016
1.274308501583453;0.054650000000000004
1.2749550092425561;0.05510000000000002
1.275601516901659;0.05555000000000003
1.276248024560762;0.056050000000000044
1.2768945322198648;0.05650000000000006
1.2775410398789677;0.05690000000000007
1.2781875475380706;0.057500000000000086
1.2788340551971735;0.058200000000000106
1.2794805628562764;0.05860000000000012
1.2801270705153793;0.059199999999999926
1.2807735781744825;0.05974999999999994
1.2814200858335854;0.06009999999999995
1.2820665934926883;0.06029999999999996
1.2827131011517912;0.06064999999999997
1.283359608810894;0.061249999999999985
1.284006116469997;0.061950000000000005
1.2846526241290999;0.06255000000000002
1.2852991317882028;0.06310000000000004
1.2859456394473057;0.06335000000000006
1.2865921471064086;0.06355000000000006
1.2872386547655115;0.06405000000000008
1.2878851624246144;0.0646500000000001
1.2885316700837173;0.06500000000000011
1.2891781777428202;0.06550000000000013
1.289824685401923;0.06604999999999996
1.2904711930610262;0.06619999999999997
1.291117700720129;0.06654999999999998
1.291764208379232;0.06684999999999999
1.292410716038335;0.06785000000000002
1.2930572236974378;0.06815000000000003
1.2937037313565407;0.06865000000000004
1.2943502390156436;0.06920000000000007
1.2949967466747465;0.06960000000000008
1.2956432543338494;0.07004999999999993
1.2962897619929525;0.07044999999999994
1.2969362696520554;0.07084999999999995
1.2975827773111583;0.07129999999999997
1.2982292849702612;0.07185
1.2988757926293641;0.07225000000000001
1.299522300288467;0.07270000000000003
1.30016880794757;0.07335000000000005
1.3008153156066729;0.07385000000000007
1.3014618232657758;0.07435000000000008
1.3021083309248787;0.0748000000000001
1.3027548385839816;0.07525000000000012
1.3034013462430845;0.07580000000000015
1.3040478539021874;0.07670000000000017
1.3046943615612903;0.07705000000000019
1.3053408692203932;0.07760000000000002
1.3059873768794963;0.07820000000000003
1.3066338845385992;0.07865000000000005
1.307280392197702;0.07910000000000007
1.307926899856805;0.07960000000000009
1.308573407515908;0.0801000000000001
1.3092199151750108;0.08040000000000011
1.3098664228341137;0.08065000000000012
1.3105129304932166;0.08120000000000015
1.3111594381523195;0.08174999999999998
1.3118059458114226;0.08189999999999999
1.3124524534705255;0.08225
1.3130989611296284;0.08290000000000003
1.3137454687887313;0.08355000000000005
1.3143919764478342;0.08385000000000006
1.3150384841069371;0.08455000000000008
1.31568499176604;0.0851500000000001
1.316331499425143;0.08600000000000013
1.3169780070842458;0.08675000000000016
1.3176245147433487;0.08715000000000017
1.3182710224024516;0.0881500000000002
1.3189175300615545;0.08865000000000021
1.3195640377206574;0.08940000000000024
1.3202105453797603;0.09019999999999999
1.3208570530388635;0.09105000000000002
1.3215035606979664;0.09140000000000004
1.3221500683570693;0.09240000000000007
1.3227965760161722;0.09295000000000009
1.323443083675275;0.09370000000000012
1.324089591334378;0.09425000000000014
1.3247360989934809;0.09495000000000016
1.3253826066525838;0.09555000000000018
1.3260291143116867;0.09605000000000002
1.3266756219707898;0.09675000000000004
1.3273221296298927;0.09720000000000006
1.3279686372889956;0.0980500000000001
1.3286151449480985;0.09890000000000013
1.3292616526072014;0.09985000000000016
1.3299081602663043;0.10035000000000018
1.3305546679254072;0.1012500000000002
1.3312011755845101;0.10165000000000021
1.331847683243613;0.10265000000000024
1.332494190902716;0.10325000000000026
1.3331406985618188;0.10405000000000028
1.3337872062209217;0.1045500000000003
1.3344337138800246;0.10520000000000032
1.3350802215391275;0.10600000000000034
1.3357267291982304;0.10685000000000007
1.3363732368573336;0.1077500000000001
1.3370197445164365;0.10835000000000011
1.3376662521755394;0.10925000000000014
1.3383127598346423;0.11030000000000018
1.3389592674937452;0.11090000000000019
1.339605775152848;0.11175000000000022
1.340252282811951;0.11215000000000024
1.3408987904710539;0.11275000000000025
1.3415452981301568;0.11364999999999997
1.34219180578926;0.1142
1.3428383134483628;0.11510000000000002
1.3434848211074657;0.11565000000000004
1.3441313287665686;0.11660000000000008
1.3447778364256715;0.1172500000000001
1.3454243440847744;0.11790000000000013
1.3460708517438773;0.11875000000000016
1.3467173594029802;0.11920000000000018
1.347363867062083;0.11995000000000021
1.348010374721186;0.12110000000000025
1.348656882380289;0.12160000000000026
1.3493033900393918;0.12200000000000027
1.3499498976984947;0.12250000000000029
1.3505964053575976;0.1228000000000003
1.3512429130167005;0.12370000000000002
1.3518894206758036;0.12450000000000004
1.3525359283349065;0.12520000000000006
1.3531824359940094;0.1261000000000001
1.3538289436531123;0.12685000000000013
1.3544754513122153;0.12740000000000015
1.3551219589713182;0.1283500000000002
1.355768466630421;0.1290000000000002
1.356414974289524;0.12955000000000022
1.3570614819486269;0.1300000000000001
1.35770798960773;0.1306000000000001
1.3583544972668329;0.13150000000000014
1.3590010049259358;0.13230000000000017
1.3596475125850387;0.13295000000000018
1.3602940202441416;0.1337500000000002
1.3609405279032445;0.13485000000000025
1.3615870355623474;0.13565000000000027
1.3622335432214503;0.13700000000000032
1.3628800508805532;0.13750000000000034
1.363526558539656;0.13845000000000038
1.364173066198759;0.13890000000000038
1.364819573857862;0.1395000000000004
1.3654660815169648;0.14000000000000043
1.3661125891760677;0.14065000000000022
1.3667590968351708;0.14165000000000025
1.3674056044942737;0.1428000000000003
1.3680521121533766;0.14370000000000033
1.3686986198124795;0.14440000000000036
1.3693451274715824;0.14520000000000038
1.3699916351306853;0.14615000000000042
1.3706381427897882;0.14700000000000044
1.3712846504488911;0.14775000000000046
1.371931158107994;0.1486000000000002
1.3725776657670972;0.14920000000000022
1.3732241734262;0.15015000000000026
1.373870681085303;0.1513000000000003
1.3745171887444059;0.15210000000000032
1.3751636964035088;0.15305000000000035
1.3758102040626117;0.15390000000000037
1.3764567117217146;0.1546000000000004
1.3771032193808175;0.15515000000000043
1.3777497270399204;0.15580000000000044
1.3783962346990233;0.15660000000000046
1.3790427423581262;0.1573000000000005
1.379689250017229;0.15830000000000052
1.380335757676332;0.15905000000000055
1.3809822653354349;0.1602500000000006
1.3816287729945378;0.1611500000000003
1.382275280653641;0.16220000000000032
1.3829217883127438;0.16290000000000035
1.3835682959718467;0.16350000000000037
1.3842148036309496;0.1646500000000004
1.3848613112900525;0.16570000000000043
1.3855078189491554;0.16680000000000048
1.3861543266082583;0.1675500000000005
1.3868008342673612;0.16865000000000055
1.3874473419264641;0.1697500000000002
1.3880938495855673;0.17050000000000023
1.3887403572446702;0.17150000000000026
1.389386864903773;0.1725000000000003
1.390033372562876;0.1731500000000003
1.3906798802219789;0.17415000000000033
1.3913263878810818;0.17540000000000036
1.3919728955401847;0.1767500000000004
1.3926194031992876;0.17770000000000044
1.3932659108583905;0.17830000000000046
1.3939124185174934;0.17885000000000048
1.3945589261765963;0.18015000000000053
1.3952054338356992;0.18115000000000056
1.395851941494802;0.18195000000000058
1.396498449153905;0.18310000000000062
1.3971449568130079;0.18415000000000029
1.397791464472111;0.18555000000000033
1.398437972131214;0.18620000000000034
1.3990844797903168;0.18745000000000037
1.3997309874494197;0.1885500000000004
1.4003774951085226;0.18950000000000045
1.4010240027676255;0.19050000000000047
1.4016705104267284;0.19190000000000051
1.4023170180858313;0.19275000000000053
1.4029635257449342;0.1938000000000002
1.4036100334040373;0.19485000000000022
1.4042565410631402;0.19575000000000026
1.4049030487222431;0.19660000000000027
1.405549556381346;0.1978500000000003
1.406196064040449;0.19885000000000033
1.4068425716995518;0.20005000000000037
1.4074890793586547;0.2012500000000004
1.4081355870177577;0.20220000000000043
1.4087820946768606;0.20300000000000046
1.4094286023359635;0.20385000000000048
1.4100751099950664;0.2044000000000005
1.4107216176541693;0.20565000000000053
1.4113681253132722;0.20715000000000058
1.412014632972375;0.2080000000000006
1.412661140631478;0.20900000000000063
1.4133076482905809;0.20975000000000038
1.413954155949684;0.21110000000000043
1.414600663608787;0.21195000000000044
1.4152471712678898;0.21270000000000047
1.4158936789269927;0.21405000000000052
1.4165401865860956;0.21535000000000057
1.4171866942451985;0.21670000000000014
1.4178332019043016;0.21790000000000018
1.4184797095634045;0.21925000000000022
1.4191262172225074;0.22005000000000025
1.4197727248816103;0.22100000000000028
1.4204192325407132;0.22190000000000032
1.4210657401998161;0.22295000000000034
1.421712247858919;0.22415000000000038
1.422358755518022;0.22550000000000042
1.4230052631771248;0.22725000000000048
1.4236517708362277;0.22835000000000052
1.4242982784953306;0.22895000000000054
1.4249447861544335;0.2305000000000006
1.4255912938135364;0.23200000000000065
1.4262378014726393;0.23300000000000068
1.4268843091317422;0.23410000000000072
1.4275308167908451;0.23505000000000076
1.428177324449948;0.2362000000000008
1.428823832109051;0.23705000000000054
1.429470339768154;0.23825000000000057
1.430116847427257;0.23935000000000062
1.4307633550863599;0.24065000000000067
1.4314098627454628;0.2417000000000007
1.4320563704045657;0.24315000000000023
1.4327028780636688;0.24460000000000026
1.4333493857227717;0.2456000000000003
1.4339958933818746;0.2466500000000003
1.4346424010409775;0.24775000000000036
1.4352889087000804;0.2488500000000004
1.4359354163591833;0.25035000000000046
1.4365819240182862;0.2518000000000005
1.4372284316773891;0.25305000000000055
1.437874939336492;0.2537500000000006
1.438521446995595;0.2547000000000006
1.4391679546546978;0.2559000000000006
1.4398144623138007;0.25680000000000064
1.4404609699729036;0.25770000000000065
1.4411074776320065;0.2587500000000007
1.4417539852911094;0.2609500000000008
1.4424004929502123;0.26205000000000084
1.4430470006093152;0.2632000000000009
1.4436935082684181;0.26445000000000046
1.4443400159275213;0.2655000000000005
1.4449865235866242;0.26720000000000055
1.445633031245727;0.2688500000000006
1.44627953890483;0.27080000000000065
1.4469260465639329;0.2718500000000007
1.4475725542230358;0.2734500000000002
1.448219061882139;0.27455000000000024
1.4488655695412418;0.27545000000000025
1.4495120772003447;0.2768500000000003
1.4501585848594476;0.27805000000000035
1.4508050925185505;0.2794500000000004
1.4514516001776534;0.28070000000000045
1.4520981078367563;0.2818000000000005
1.4527446154958592;0.2827500000000005
1.453391123154962;0.2841000000000005
1.454037630814065;0.28515000000000057
1.454684138473168;0.2861500000000006
1.4553306461322708;0.28685000000000066
1.4559771537913737;0.2880000000000007
1.4566236614504766;0.28955000000000075
1.4572701691095795;0.2911000000000008
1.4579166767686824;0.2924500000000008
1.4585631844277853;0.29410000000000086
1.4592096920868882;0.29535000000000045
1.4598561997459913;0.29670000000000046
1.4605027074050942;0.2982000000000005
1.4611492150641971;0.2996000000000006
1.4617957227233;0.3009500000000006
1.462442230382403;0.30250000000000066
1.4630887380415059;0.3039500000000002
1.463735245700609;0.30515000000000025
1.4643817533597119;0.3067000000000003
1.4650282610188148;0.3076000000000003
1.4656747686779177;0.3090500000000004
1.4663212763370206;0.3107000000000004
1.4669677839961235;0.31150000000000044
1.4676142916552264;0.31275000000000047
1.4682607993143293;0.3143000000000005
1.4689073069734322;0.31515000000000054
1.469553814632535;0.3167000000000006
1.470200322291638;0.31780000000000064
1.470846829950741;0.3189000000000007
1.4714933376098438;0.3205500000000007
1.4721398452689467;0.3220500000000008
1.4727863529280496;0.3229500000000008
1.4734328605871525;0.32410000000000083
1.4740793682462554;0.3252000000000009
1.4747258759053583;0.32625000000000054
1.4753723835644614;0.3273500000000006
1.4760188912235643;0.3286500000000006
1.4766653988826672;0.3300000000000006
1.4773119065417701;0.3314500000000007
1.477958414200873;0.33275000000000027
1.4786049218599762;0.3342500000000003
1.479251429519079;0.33540000000000036
1.479897937178182;0.3367000000000004
1.4805444448372849;0.3380000000000004
1.4811909524963878;0.33965000000000045
1.4818374601554907;0.3409500000000005
1.4824839678145936;0.3421500000000005
1.4831304754736965;0.3435000000000005
1.4837769831327994;0.34475000000000056
1.4844234907919023;0.3459500000000006
1.4850699984510052;0.3477000000000006
1.485716506110108;0.34890000000000065
1.486363013769211;0.3505000000000007
1.4870095214283139;0.3523000000000008
1.4876560290874168;0.35415000000000085
1.4883025367465197;0.3557500000000009
1.4889490444056226;0.3571000000000009
1.4895955520647255;0.35825000000000057
1.4902420597238286;0.35965000000000064
1.4908885673829315;0.36060000000000064
1.4915350750420344;0.3620000000000007
1.4921815827011373;0.36320000000000074
1.4928280903602402;0.3648500000000008
1.4934745980193431;0.36615000000000036
1.4941211056784462;0.36800000000000044
1.4947676133375492;0.3695500000000005
1.495414120996652;0.3705000000000005
1.496060628655755;0.3717500000000005
1.4967071363148579;0.37350000000000055
1.4973536439739608;0.3747000000000006
1.4980001516330637;0.37620000000000064
1.4986466592921666;0.37755000000000066
1.4992931669512695;0.3788000000000007
1.4999396746103724;0.3800500000000007
1.5005861822694753;0.3810000000000007
1.5012326899285782;0.3829000000000008
1.501879197587681;0.38430000000000086
1.502525705246784;0.3854500000000009
1.5031722129058869;0.38685000000000097
1.5038187205649898;0.388350000000001
1.5044652282240927;0.38950000000000107
1.5051117358831956;0.39110000000000056
1.5057582435422987;0.3927500000000006
1.5064047512014016;0.39415000000000067
1.5070512588605045;0.3957000000000007
1.5076977665196074;0.39680000000000076
1.5083442741787103;0.3982500000000008
1.5089907818378132;0.3995000000000004
1.5096372894969163;0.40075000000000044
1.5102837971560192;0.4017500000000005
1.5109303048151221;0.40290000000000054
1.511576812474225;0.4049000000000006
1.512223320133328;0.40605000000000063
1.5128698277924308;0.4081500000000007
1.5135163354515337;0.4095000000000007
1.5141628431106366;0.4108000000000007
1.5148093507697395;0.4122000000000008
1.5154558584288425;0.41380000000000083
1.5161023660879454;0.4154500000000009
1.5167488737470483;0.4168000000000009
1.5173953814061512;0.4185000000000009
1.518041889065254;0.419950000000001
1.518688396724357;0.421250000000001
1.5193349043834599;0.4227000000000011
1.5199814120425628;0.4244500000000011
1.5206279197016657;0.4261000000000006
1.5212744273607688;0.42755000000000065
1.5219209350198717;0.4291000000000007
1.5225674426789746;0.43060000000000076
1.5232139503380775;0.43250000000000083
1.5238604579971804;0.4341000000000009
1.5245069656562833;0.4356000000000004
1.5251534733153864;0.4368000000000004
1.5257999809744893;0.43780000000000047
1.5264464886335922;0.43925000000000053
1.5270929962926951;0.4406500000000006
1.527739503951798;0.4419000000000006
1.528386011610901;0.44310000000000066
1.5290325192700038;0.4442000000000007
1.5296790269291067;0.44540000000000074
1.5303255345882096;0.4471000000000008
1.5309720422473125;0.4486500000000008
1.5316185499064154;0.4504500000000009
1.5322650575655183;0.451850000000001
1.5329115652246212;0.453200000000001
1.5335580728837241;0.454950000000001
1.534204580542827;0.4563500000000011
1.53485108820193;0.4585500000000012
1.5354975958610328;0.45960000000000084
1.536144103520136;0.4613000000000009
1.5367906111792389;0.4625000000000009
1.5374371188383418;0.463950000000001
1.5380836264974447;0.465500000000001
1.5387301341565476;0.4670500000000011
1.5393766418156505;0.46840000000000065
1.5400231494747536;0.46975000000000067
1.5406696571338565;0.4710000000000007
1.5413161647929594;0.47270000000000073
1.5419626724520623;0.47395000000000076
1.5426091801111652;0.4756500000000008
1.5432556877702681;0.47715000000000085
1.543902195429371;0.4785500000000009
1.544548703088474;0.480000000000001
1.5451952107475768;0.48140000000000105
1.5458417184066797;0.4829500000000011
1.5464882260657826;0.48470000000000113
1.5471347337248855;0.48635000000000117
1.5477812413839884;0.4877000000000012
1.5484277490430913;0.48950000000000127
1.5490742567021942;0.4907500000000013
1.5497207643612971;0.49225000000000135
1.5503672720204;0.4937500000000014
1.551013779679503;0.495200000000001
1.551660287338606;0.496550000000001
1.552306794997709;0.497900000000001
1.5529533026568119;0.49960000000000104
1.5535998103159148;0.5010500000000011
1.5542463179750177;0.5027500000000011
1.5548928256341206;0.5037000000000008
1.5555393332932237;0.5053500000000009
1.5561858409523266;0.5067500000000009
1.5568323486114295;0.508300000000001
1.5574788562705324;0.5105000000000011
1.5581253639296353;0.5120500000000011
1.5587718715887382;0.5133000000000012
1.559418379247841;0.5146500000000013
1.560064886906944;0.5160000000000013
1.560711394566047;0.5174500000000014
1.5613579022251498;0.5192500000000014
1.5620044098842527;0.5207000000000015
1.5626509175433556;0.5218500000000015
1.5632974252024585;0.5232000000000016
1.5639439328615614;0.5252000000000017
1.5645904405206643;0.5268500000000017
1.5652369481797672;0.5283500000000018
1.5658834558388701;0.5300500000000018
1.566529963497973;0.5315500000000013
1.5671764711570761;0.5325500000000013
1.567822978816179;0.5341500000000013
1.568469486475282;0.5358500000000014
1.5691159941343849;0.5373500000000014
1.5697625017934878;0.5386500000000015
1.5704090094525907;0.540450000000001
1.5710555171116938;0.542350000000001
1.5717020247707967;0.544050000000001
1.5723485324298996;0.5455500000000011
1.5729950400890025;0.5467500000000012
1.5736415477481054;0.5482500000000012
1.5742880554072083;0.5497000000000013
1.5749345630663112;0.5511500000000014
1.575581070725414;0.5525000000000014
1.576227578384517;0.5543500000000015
1.57687408604362;0.5554500000000014
1.5775205937027228;0.5568500000000015
1.5781671013618257;0.5583000000000016
1.5788136090209286;0.5601000000000016
1.5794601166800315;0.5615500000000017
1.5801066243391344;0.5629000000000017
1.5807531319982373;0.5647500000000018
1.5813996396573402;0.5664000000000012
1.5820461473164433;0.5673500000000012
1.5826926549755462;0.5687000000000013
1.5833391626346491;0.5702500000000014
1.583985670293752;0.5717500000000014
1.584632177952855;0.5734500000000015
1.5852786856119578;0.574900000000001
1.585925193271061;0.5769000000000011
1.5865717009301639;0.5783500000000011
1.5872182085892668;0.5798500000000012
1.5878647162483697;0.5812000000000013
1.5885112239074726;0.5829000000000013
1.5891577315665755;0.5837500000000013
1.5898042392256784;0.5858500000000014
1.5904507468847813;0.5869500000000014
1.5910972545438842;0.5883000000000015
1.591743762202987;0.5896000000000016
1.59239026986209;0.5911500000000016
1.5930367775211929;0.5925000000000017
1.5936832851802958;0.5938500000000018
1.5943297928393987;0.5952500000000018
1.5949763004985016;0.5964500000000019
1.5956228081576045;0.598050000000002
1.5962693158167074;0.599350000000002
1.5969158234758103;0.6007000000000017
1.5975623311349134;0.6024500000000017
1.5982088387940163;0.6040000000000018
1.5988553464531192;0.6053000000000018
1.5995018541122221;0.6067000000000019
1.600148361771325;0.608300000000002
1.600794869430428;0.6099500000000014
1.601441377089531;0.6117000000000015
1.602087884748634;0.6129000000000016
1.6027343924077369;0.6140000000000015
1.6033809000668398;0.6156000000000016
1.6040274077259427;0.6172000000000016
1.6046739153850456;0.6183500000000016
1.6053204230441485;0.6200500000000017
1.6059669307032514;0.6214500000000017
1.6066134383623543;0.6229000000000018
1.6072599460214572;0.6246000000000018
1.60790645368056;0.6256500000000018
1.608552961339663;0.6274000000000018
1.6091994689987659;0.6289000000000019
1.6098459766578688;0.630300000000002
1.6104924843169717;0.6315000000000021
1.6111389919760746;0.6327500000000021
1.6117854996351775;0.6338000000000021
1.6124320072942804;0.6352000000000017
1.6130785149533835;0.6364500000000017
1.6137250226124864;0.6377500000000018
1.6143715302715893;0.6395000000000018
1.6150180379306922;0.6408000000000019
1.615664545589795;0.642200000000002
1.616311053248898;0.6437500000000015
1.6169575609080011;0.6452000000000016
1.617604068567104;0.6468500000000016
1.618250576226207;0.6479500000000016
1.6188970838853098;0.6493500000000016
1.6195435915444127;0.6505000000000016
1.6201900992035156;0.6523500000000017
1.6208366068626185;0.6545000000000017
1.6214831145217214;0.6555500000000017
1.6221296221808243;0.6568000000000018
1.6227761298399273;0.6585500000000019
1.6234226374990302;0.6597000000000018
1.624069145158133;0.6613500000000019
1.624715652817236;0.662750000000002
1.6253621604763389;0.663950000000002
1.6260086681354418;0.6652500000000021
1.6266551757945447;0.6665000000000022
1.6273016834536476;0.6677500000000018
1.6279481911127507;0.6691000000000019
1.6285946987718536;0.670700000000002
1.6292412064309565;0.671900000000002
1.6298877140900594;0.6731500000000021
1.6305342217491623;0.6749000000000022
1.6311807294082652;0.6766500000000016
1.6318272370673683;0.6782000000000017
1.6324737447264712;0.6793000000000017
1.6331202523855741;0.6803500000000017
1.633766760044677;0.6817500000000017
1.63441326770378;0.6827500000000017
1.6350597753628828;0.6843000000000018
1.6357062830219857;0.6856500000000019
1.6363527906810886;0.6868000000000019
1.6369992983401915;0.6883500000000019
1.6376458059992944;0.689700000000002
1.6382923136583973;0.691050000000002
1.6389388213175002;0.6926000000000021
1.6395853289766031;0.6943000000000021
1.640231836635706;0.6960500000000022
1.640878344294809;0.6976000000000022
1.6415248519539118;0.6988500000000023
1.6421713596130147;0.6999500000000023
1.6428178672721176;0.7014500000000018
1.6434643749312208;0.7026000000000018
1.6441108825903237;0.7040000000000018
1.6447573902494266;0.7055500000000019
1.6454038979085295;0.706850000000002
1.6460504055676324;0.708200000000002
1.6466969132267353;0.7094500000000017
1.6473434208858384;0.7108500000000018
1.6479899285449413;0.7125000000000018
1.6486364362040442;0.7142500000000018
1.649282943863147;0.7158000000000019
1.64992945152225;0.717100000000002
1.650575959181353;0.718650000000002
1.6512224668404558;0.7199000000000021
1.6518689744995587;0.7210000000000021
1.6525154821586616;0.7220500000000021
1.6531619898177645;0.7231500000000021
1.6538084974768674;0.7242000000000021
1.6544550051359703;0.7256500000000021
1.6551015127950732;0.7268000000000021
1.6557480204541761;0.7277500000000021
1.656394528113279;0.7292500000000022
1.657041035772382;0.7301500000000022
1.6576875434314848;0.7314000000000023
1.6583340510905877;0.7327500000000019
1.6589805587496909;0.7338500000000019
1.6596270664087938;0.7345000000000019
1.6602735740678967;0.735850000000002
1.6609200817269996;0.737000000000002
1.6615665893861025;0.7382500000000021
1.6622130970452054;0.7394000000000017
1.6628596047043085;0.7405000000000017
1.6635061123634114;0.7412500000000017
1.6641526200225143;0.7421500000000018
1.6647991276816172;0.7432000000000017
1.66544563534072;0.7444000000000018
1.666092142999823;0.7458500000000019
1.666738650658926;0.7469500000000019
1.6673851583180288;0.748300000000002
1.6680316659771317;0.749250000000002
1.6686781736362346;0.750500000000002
1.6693246812953375;0.7511500000000021
1.6699711889544404;0.7521500000000021
1.6706176966135433;0.7531000000000021
1.6712642042726462;0.7539500000000021
1.6719107119317491;0.7553000000000022
1.672557219590852;0.7563000000000022
1.673203727249955;0.7573500000000019
1.673850234909058;0.7587000000000019
1.674496742568161;0.759950000000002
1.6751432502272638;0.761100000000002
1.6757897578863667;0.761950000000002
1.6764362655454697;0.7632500000000021
1.6770827732045726;0.7643500000000018
1.6777292808636757;0.7656500000000018
1.6783757885227786;0.7664500000000019
1.6790222961818815;0.7673500000000019
1.6796688038409844;0.7689000000000019
1.6803153115000873;0.769600000000002
1.6809618191591902;0.770900000000002
1.681608326818293;0.7721500000000021
1.682254834477396;0.7735000000000022
1.682901342136499;0.7748500000000023
1.6835478497956018;0.7756500000000023
1.6841943574547047;0.7768000000000023
1.6848408651138076;0.7778500000000023
1.6854873727729105;0.7788500000000023
1.6861338804320134;0.7796000000000023
1.6867803880911163;0.7809500000000024
1.6874268957502192;0.7823500000000024
1.688073403409322;0.7836000000000025
1.688719911068425;0.7849000000000022
1.6893664187275281;0.7860000000000021
1.690012926386631;0.7871500000000021
1.690659434045734;0.7877500000000022
1.6913059417048368;0.7888500000000022
1.6919524493639397;0.7898500000000022
1.6925989570230426;0.7910000000000018
1.6932454646821458;0.7918500000000018
1.6938919723412487;0.7927500000000018
1.6945384800003516;0.7942500000000019
1.6951849876594545;0.7950000000000019
1.6958314953185574;0.796200000000002
1.6964780029776603;0.7974000000000021
1.6971245106367632;0.7983500000000021
1.697771018295866;0.7994500000000021
1.698417525954969;0.8007000000000022
1.6990640336140719;0.8016500000000022
1.6997105412731748;0.8026500000000022
1.7003570489322777;0.8037000000000022
1.7010035565913806;0.8045000000000022
1.7016500642504835;0.8051000000000023
1.7022965719095864;0.8063000000000023
1.7029430795686893;0.8072500000000024
1.7035895872277922;0.8087500000000024
1.704236094886895;0.8099000000000021
1.7048826025459982;0.8107000000000021
1.7055291102051011;0.8116500000000021
1.706175617864204;0.8125500000000021
1.706822125523307;0.8139000000000022
1.7074686331824098;0.8150500000000022
1.7081151408415127;0.8159500000000018
1.7087616485006158;0.8169000000000018
1.7094081561597188;0.8179000000000018
1.7100546638188217;0.8190000000000018
1.7107011714779246;0.8203000000000019
1.7113476791370275;0.8213500000000019
1.7119941867961304;0.8221000000000019
1.7126406944552333;0.822950000000002
1.7132872021143362;0.824200000000002
1.713933709773439;0.825250000000002
1.714580217432542;0.8266000000000021
1.7152267250916449;0.8272500000000022
1.7158732327507478;0.8282000000000022
1.7165197404098507;0.8291500000000022
1.7171662480689536;0.8301500000000022
1.7178127557280565;0.8307500000000022
1.7184592633871594;0.8321500000000023
1.7191057710462623;0.8327500000000021
1.7197522787053654;0.8340000000000022
1.7203987863644683;0.8348000000000022
1.7210452940235712;0.8358000000000022
1.721691801682674;0.8367000000000022
1.722338309341777;0.8376000000000022
1.72298481700088;0.8386500000000019
1.723631324659983;0.8393500000000019
1.724277832319086;0.8402500000000019
1.7249243399781888;0.841200000000002
1.7255708476372917;0.841800000000002
1.7262173552963946;0.842450000000002
1.7268638629554975;0.843250000000002
1.7275103706146004;0.8441000000000021
1.7281568782737033;0.8450000000000021
1.7288033859328062;0.8459500000000021
1.7294498935919091;0.8465500000000021
1.730096401251012;0.8475000000000021
1.730742908910115;0.8485000000000021
1.7313894165692179;0.8493500000000022
1.7320359242283208;0.8499500000000022
1.7326824318874237;0.8509500000000022
1.7333289395465266;0.8516500000000022
1.7339754472056295;0.8528500000000023
1.7346219548647324;0.8535000000000021
1.7352684625238355;0.8543500000000022
1.7359149701829384;0.8549500000000022
1.7365614778420413;0.8559000000000022
1.7372079855011442;0.8565500000000023
1.737854493160247;0.8574000000000023
1.73850100081935;0.8584500000000019
1.7391475084784531;0.859250000000002
1.739794016137556;0.859950000000002
1.740440523796659;0.860700000000002
1.7410870314557618;0.861500000000002
1.7417335391148647;0.8621000000000021
1.7423800467739676;0.8630500000000021
1.7430265544330705;0.8641000000000021
1.7436730620921734;0.8649500000000021
1.7443195697512763;0.8657500000000021
1.7449660774103792;0.8665500000000022
1.7456125850694821;0.8674000000000022
1.746259092728585;0.8681000000000022
1.746905600387688;0.8693500000000023
1.7475521080467908;0.8701500000000023
1.7481986157058937;0.8709500000000023
1.7488451233649966;0.8716500000000024
1.7494916310240995;0.8724500000000024
1.7501381386832024;0.8733500000000021
1.7507846463423056;0.8740500000000021
1.7514311540014085;0.8748000000000021
1.7520776616605114;0.8755000000000022
1.7527241693196143;0.8764000000000022
1.7533706769787172;0.8772500000000022
1.75401718463782;0.8782000000000019
1.7546636922969232;0.8788500000000019
1.755310199956026;0.8797000000000019
1.755956707615129;0.880250000000002
1.756603215274232;0.881200000000002
1.7572497229333348;0.881950000000002
1.7578962305924377;0.8824000000000021
1.7585427382515406;0.8834500000000021
1.7591892459106435;0.8842500000000021
1.7598357535697464;0.8849000000000021
1.7604822612288493;0.8856500000000022
1.7611287688879522;0.8863500000000022
1.7617752765470551;0.8870500000000022
1.762421784206158;0.8873000000000022
1.763068291865261;0.8882000000000022
1.7637147995243638;0.8887000000000023
1.7643613071834667;0.8892500000000023
1.7650078148425696;0.8899500000000021
1.7656543225016728;0.8904500000000022
1.7663008301607757;0.8912500000000022
1.7669473378198786;0.8917000000000023
1.7675938454789815;0.8923500000000023
1.7682403531380844;0.8931500000000023
1.7688868607971873;0.894000000000002
1.7695333684562904;0.8945500000000021
1.7701798761153933;0.8951000000000021
1.7708263837744962;0.8958500000000021
1.771472891433599;0.8965000000000022
1.772119399092702;0.8973000000000022
1.772765906751805;0.8980000000000022
1.7734124144109078;0.8985500000000023
1.7740589220700107;0.8991000000000023
1.7747054297291136;0.8996500000000024
1.7753519373882165;0.9001000000000025
1.7759984450473194;0.9009000000000025
1.7766449527064223;0.9015000000000025
1.7772914603655252;0.9020500000000026
1.7779379680246281;0.9025000000000026
1.778584475683731;0.9034500000000026
1.779230983342834;0.9043500000000027
1.7798774910019368;0.9053500000000027
1.7805239986610397;0.9061000000000025
1.7811705063201428;0.9068000000000025
1.7818170139792457;0.9075000000000025
1.7824635216383486;0.9080500000000026
1.7831100292974515;0.9085500000000026
1.7837565369565545;0.9093500000000027
1.7844030446156574;0.9100000000000025
1.7850495522747605;0.9103500000000024
1.7856960599338634;0.9111500000000025
1.7863425675929663;0.9121000000000025
1.7869890752520692;0.9125500000000025
1.787635582911172;0.9130500000000026
1.788282090570275;0.9137500000000026
1.7889285982293779;0.9145500000000026
1.7895751058884808;0.9152000000000027
1.7902216135475837;0.9159000000000027
1.7908681212066866;0.9163000000000028
1.7915146288657895;0.9168500000000028
1.7921611365248924;0.9172500000000029
1.7928076441839953;0.917650000000003
1.7934541518430982;0.918250000000003
1.794100659502201;0.9187000000000031
1.794747167161304;0.9192000000000031
1.795393674820407;0.9195500000000031
1.7960401824795098;0.9202500000000029
1.796686690138613;0.9209500000000029
1.7973331977977158;0.921700000000003
1.7979797054568187;0.922200000000003
1.7986262131159216;0.9228500000000031
1.7992727207750245;0.9235000000000031
1.7999192284341274;0.9239500000000029
1.8005657360932306;0.9242000000000029
1.8012122437523335;0.9249000000000029
1.8018587514114364;0.925450000000003
1.8025052590705393;0.926000000000003
1.8031517667296422;0.926350000000003
1.803798274388745;0.9267500000000031
1.804444782047848;0.9274000000000031
1.8050912897069509;0.9279500000000032
1.8057377973660538;0.9287000000000032
1.8063843050251567;0.9290000000000032
1.8070308126842596;0.9293000000000031
1.8076773203433625;0.9299000000000032
1.8083238280024654;0.9302000000000031
1.8089703356615683;0.9305000000000031
1.8096168433206712;0.9310500000000032
1.810263350979774;0.9313000000000031
1.810909858638877;0.9321000000000029
1.8115563662979801;0.932750000000003
1.812202873957083;0.9331000000000029
1.812849381616186;0.933900000000003
1.8134958892752888;0.934350000000003
1.8141423969343917;0.934700000000003
1.8147889045934946;0.9351500000000028
1.8154354122525977;0.9355000000000028
1.8160819199117006;0.9358000000000027
1.8167284275708036;0.9360000000000027
1.8173749352299065;0.9364500000000028
1.8180214428890094;0.9374000000000028
1.8186679505481123;0.9378500000000028
1.8193144582072152;0.9383000000000029
1.819960965866318;0.938700000000003
1.820607473525421;0.9390500000000029
1.8212539811845239;0.9392500000000029
1.8219004888436268;0.9395000000000029
1.8225469965027297;0.9398500000000028
1.8231935041618326;0.9403500000000029
1.8238400118209355;0.940750000000003
1.8244865194800384;0.941350000000003
1.8251330271391413;0.941700000000003
1.8257795347982442;0.942200000000003
1.826426042457347;0.9427500000000029
1.8270725501164502;0.9431500000000029
1.827719057775553;0.943600000000003
1.828365565434656;0.943900000000003
1.829012073093759;0.944300000000003
1.8296585807528618;0.9448000000000031
1.8303050884119647;0.9451000000000029
1.8309515960710678;0.9460500000000029
1.8315981037301707;0.946550000000003
1.8322446113892736;0.946850000000003
1.8328911190483765;0.947650000000003
1.8335376267074794;0.948150000000003
1.8341841343665823;0.948500000000003
1.8348306420256852;0.948700000000003
1.8354771496847881;0.949050000000003
1.836123657343891;0.949450000000003
1.836770165002994;0.949700000000003
1.8374166726620969;0.950050000000003
1.8380631803211998;0.9504000000000029
1.8387096879803027;0.9507500000000029
1.8393561956394056;0.9510500000000028
1.8400027032985085;0.9514000000000028
1.8406492109576114;0.9517500000000028
1.8412957186167143;0.9520000000000027
1.8419422262758172;0.9522000000000027
1.8425887339349203;0.9528500000000028
1.8432352415940232;0.9531000000000027
1.843881749253126;0.9535500000000028
1.844528256912229;0.9538500000000028
1.845174764571332;0.9542000000000027
1.8458212722304348;0.9547000000000025
1.846467779889538;0.9552500000000026
1.8471142875486408;0.9558000000000026
1.8477607952077437;0.9563000000000027
1.8484073028668466;0.9567000000000028
1.8490538105259495;0.9571000000000028
1.8497003181850524;0.9575000000000029
1.8503468258441553;0.957950000000003
1.8509933335032582;0.958350000000003
1.8516398411623611;0.958500000000003
1.852286348821464;0.958700000000003
1.852932856480567;0.959200000000003
1.8535793641396698;0.959550000000003
1.8542258717987727;0.959850000000003
1.8548723794578756;0.960250000000003
1.8555188871169785;0.960550000000003
1.8561653947760814;0.9610500000000031
1.8568119024351843;0.961200000000003
1.8574584100942875;0.9616500000000031
1.8581049177533904;0.9617000000000031
1.8587514254124933;0.9619000000000031
1.8593979330715962;0.9621500000000031
1.860044440730699;0.9626000000000031
1.860690948389802;0.9628500000000031
1.861337456048905;0.963200000000003
1.861983963708008;0.9636500000000031
1.862630471367111;0.9638000000000031
1.8632769790262138;0.9640000000000031
1.8639234866853167;0.964300000000003
1.8645699943444196;0.964600000000003
1.8652165020035225;0.964700000000003
1.8658630096626254;0.965000000000003
1.8665095173217283;0.9652500000000029
1.8671560249808312;0.9655500000000029
1.8678025326399341;0.9658000000000029
1.868449040299037;0.9661500000000028
1.86909554795814;0.9664000000000028
1.8697420556172428;0.9667000000000028
1.8703885632763457;0.9669000000000028
1.8710350709354486;0.9672000000000027
1.8716815785945515;0.9675500000000027
1.8723280862536544;0.9678000000000027
1.8729745939127576;0.9681000000000026
1.8736211015718605;0.9683500000000026
1.8742676092309634;0.9687500000000027
1.8749141168900663;0.9688500000000027
1.8755606245491692;0.9691000000000026
1.876207132208272;0.9692500000000026
1.8768536398673752;0.9694500000000026
1.877500147526478;0.9697000000000026
1.878146655185581;0.9700000000000025
1.878793162844684;0.9703000000000025
1.8794396705037868;0.9705000000000025
1.8800861781628897;0.9707500000000024
1.8807326858219926;0.9710500000000024
1.8813791934810955;0.9714500000000025
1.8820257011401984;0.9716500000000025
1.8826722087993013;0.9720000000000024
1.8833187164584042;0.9724500000000025
1.883965224117507;0.9725500000000025
1.88461173177661;0.9727500000000024
1.885258239435713;0.9729500000000024
1.8859047470948158;0.9732000000000024
1.8865512547539187;0.9734000000000024
1.8871977624130216;0.9736500000000023
1.8878442700721245;0.9739000000000023
1.8884907777312276;0.9741000000000023
1.8891372853903305;0.9743000000000023
1.8897837930494334;0.9745000000000023
1.8904303007085363;0.9746000000000022
1.8910768083676393;0.9746500000000022
1.8917233160267422;0.9748500000000022
1.8923698236858453;0.9750500000000022
1.8930163313449482;0.9751500000000022
1.893662839004051;0.9754500000000021
1.894309346663154;0.9755500000000021
1.8949558543222569;0.9760500000000022
1.8956023619813598;0.9763000000000022
1.8962488696404627;0.9764500000000021
1.8968953772995656;0.9765500000000021
1.8975418849586685;0.9768500000000021
1.8981883926177714;0.9770500000000021
1.8988349002768743;0.9773000000000021
1.8994814079359772;0.977500000000002
1.90012791559508;0.977750000000002
1.900774423254183;0.977950000000002
1.901420930913286;0.978150000000002
1.9020674385723888;0.9784500000000019
1.9027139462314917;0.9788000000000018
1.9033604538905948;0.9790000000000018
1.9040069615496977;0.9792500000000017
1.9046534692088006;0.9795500000000017
1.9052999768679035;0.9796000000000017
1.9059464845270064;0.9797000000000017
1.9065929921861093;0.9798000000000017
1.9072394998452125;0.9799000000000017
1.9078860075043154;0.9800000000000016
1.9085325151634183;0.9801000000000016
1.9091790228225212;0.9803000000000016
1.909825530481624;0.9804500000000016
1.910472038140727;0.9806500000000016
1.9111185457998299;0.9808500000000016
1.9117650534589328;0.9811500000000015
1.9124115611180357;0.9814500000000015
1.9130580687771386;0.9815000000000015
1.9137045764362415;0.9816500000000015
1.9143510840953444;0.9819500000000014
1.9149975917544473;0.9821000000000014
1.9156440994135502;0.9824000000000014
1.916290607072653;0.9824000000000014
1.9169371147317562;0.9824500000000014
1.917583622390859;0.9826500000000014
1.918230130049962;0.9827500000000013
1.918876637709065;0.9828500000000013
1.9195231453681678;0.9829000000000013
1.9201696530272707;0.9831000000000013
1.9208161606863736;0.9831000000000013
1.9214626683454765;0.9832000000000013
1.9221091760045794;0.9832500000000013
1.9227556836636823;0.9835500000000013
1.9234021913227852;0.9838500000000012
1.9240486989818881;0.9841000000000012
1.9246952066409913;0.9844500000000012
1.9253417143000942;0.9847500000000011
1.925988221959197;0.9849000000000011
1.9266347296183;0.9851500000000011
1.9272812372774029;0.985450000000001
1.9279277449365058;0.985550000000001
1.9285742525956087;0.985600000000001
1.9292207602547116;0.985750000000001
1.9298672679138145;0.985800000000001
1.9305137755729174;0.985900000000001
1.9311602832320203;0.986150000000001
1.9318067908911232;0.986300000000001
1.9324532985502263;0.9865000000000009
1.9330998062093292;0.9866500000000009
1.933746313868432;0.9868000000000009
1.934392821527535;0.9869000000000009
1.935039329186638;0.9870000000000009
1.9356858368457408;0.9871500000000009
1.9363323445048437;0.9874000000000008
1.9369788521639466;0.9874000000000008
1.9376253598230495;0.9874000000000008
1.9382718674821524;0.9875000000000008
1.9389183751412553;0.9876500000000008
1.9395648828003582;0.9877500000000008
1.9402113904594613;0.9879000000000008
1.9408578981185642;0.9880500000000008
1.9415044057776671;0.9882500000000007
1.94215091343677;0.9883500000000007
1.942797421095873;0.9886500000000007
1.9434439287549758;0.9887000000000007
1.9440904364140787;0.9888000000000007
1.9447369440731817;0.9891000000000006
1.9453834517322846;0.9892000000000006
1.9460299593913875;0.9894000000000006
1.9466764670504904;0.9896000000000006
1.9473229747095933;0.9896000000000006
1.9479694823686964;0.9896000000000006
1.9486159900277993;0.9896500000000006
1.9492624976869022;0.9897500000000006
1.949909005346005;0.9899500000000006
1.950555513005108;0.9900000000000005
1.951202020664211;0.9901000000000005
1.9518485283233138;0.9902000000000005
1.9524950359824167;0.9903500000000005
1.9531415436415196;0.9904000000000005
1.9537880513006225;0.9904500000000005
1.9544345589597254;0.9905500000000005
1.9550810666188285;0.9906000000000005
1.9557275742779314;0.9907000000000005
1.9563740819370343;0.9907500000000005
1.9570205895961372;0.9909000000000004
1.9576670972552401;0.9911500000000004
1.958313604914343;0.9912000000000004
1.958960112573446;0.9912500000000004
1.9596066202325488;0.9913500000000004
1.9602531278916517;0.9914000000000004
1.9608996355507546;0.9915500000000004
1.9615461432098575;0.9916500000000004
1.9621926508689604;0.9917000000000004
1.9628391585280636;0.9917500000000004
1.9634856661871665;0.9919000000000003
1.9641321738462694;0.9920500000000003
1.9647786815053723;0.9922000000000003
1.9654251891644752;0.9922500000000003
1.966071696823578;0.9924000000000003
1.966718204482681;0.9924500000000003
1.9673647121417839;0.9925000000000003
1.9680112198008868;0.9925500000000003
1.9686577274599897;0.9928000000000002
1.9693042351190926;0.9928500000000002
1.9699507427781955;0.9929000000000002
1.9705972504372986;0.9929500000000002
1.9712437580964015;0.9930000000000002
1.9718902657555044;0.9930500000000002
1.9725367734146073;0.9931000000000002
1.9731832810737102;0.9932000000000002
1.9738297887328131;0.9933000000000002
1.974476296391916;0.9935000000000002
1.975122804051019;0.9935000000000002
1.9757693117101218;0.9935500000000002
1.9764158193692247;0.9936000000000001
1.9770623270283276;0.9936500000000001
1.9777088346874305;0.9936500000000001
1.9783553423465337;0.9937500000000001
1.9790018500056366;0.9938500000000001
1.9796483576647395;0.9939500000000001
1.9802948653238424;0.9940500000000001
1.9809413729829453;0.9942500000000001
1.9815878806420482;0.9942500000000001
1.982234388301151;0.9943000000000001
1.982880895960254;0.9943500000000001
1.9835274036193569;0.9944000000000001
1.9841739112784598;0.9945
1.9848204189375627;0.99455
1.9854669265966656;0.9946
1.9861134342557687;0.99465
1.9867599419148716;0.99465
1.9874064495739745;0.9947
1.9880529572330774;0.99475
1.9886994648921803;0.9948
1.9893459725512832;0.9948
1.989992480210386;0.9948
1.990638987869489;0.9949
1.991285495528592;0.99495
1.9919320031876948;0.995
1.9925785108467977;0.995
1.9932250185059006;0.995
1.9938715261650037;0.9952
1.9945180338241066;0.99525
1.9951645414832095;0.99525
1.9958110491423124;0.99535
1.9964575568014153;0.9955999999999999
1.9971040644605182;0.9956999999999999
1.9977505721196211;0.9957499999999999
1.998397079778724;0.9958499999999999
1.999043587437827;0.9959499999999999
1.9996900950969299;0.9959499999999999
2.0003366027560325;0.9959999999999999
2.000983110415136;0.9959999999999999
2.001629618074239;0.9960499999999999
2.0022761257333417;0.9960999999999999
2.0029226333924446;0.9961499999999999
2.0035691410515475;0.9962499999999999
2.0042156487106504;0.9962499999999999
2.0048621563697533;0.9963999999999998
2.005508664028856;0.9964499999999998
2.006155171687959;0.9964999999999998
2.006801679347062;0.9964999999999998
2.007448187006165;0.9964999999999998
2.008094694665268;0.9964999999999998
2.008741202324371;0.9964999999999998
2.009387709983474;0.9965499999999998
2.010034217642577;0.9965499999999998
2.01068072530168;0.9965499999999998
2.0113272329607828;0.9965499999999998
2.0119737406198857;0.9965499999999998
2.0126202482789886;0.9966499999999998
2.0132667559380915;0.9966999999999998
2.0139132635971944;0.9966999999999998
2.0145597712562973;0.9967499999999998
2.0152062789154;0.9967999999999998
2.015852786574503;0.9968499999999998
2.016499294233606;0.9968999999999998
2.017145801892709;0.9968999999999998
2.0177923095518118;0.9969499999999998
2.0184388172109147;0.9970999999999998
2.0190853248700176;0.9971999999999998
2.0197318325291205;0.9971999999999998
2.0203783401882234;0.9973499999999997
2.0210248478473263;0.9974999999999997
2.021671355506429;0.9975499999999997
2.022317863165532;0.9975499999999997
2.022964370824635;0.9975999999999997
2.023610878483738;0.9975999999999997
2.024257386142841;0.9975999999999997
2.0249038938019437;0.9976499999999997
2.0255504014610466;0.9976999999999997
2.0261969091201495;0.9976999999999997
2.0268434167792524;0.9977499999999997
2.0274899244383553;0.9977999999999997
2.028136432097458;0.9977999999999997
2.028782939756561;0.9978499999999997
2.029429447415664;0.9978499999999997
2.030075955074767;0.9978999999999997
2.03072246273387;0.9979499999999997
2.0313689703929727;0.9979999999999997
2.032015478052076;0.9979999999999997
2.032661985711179;0.9979999999999997
2.033308493370282;0.9980499999999997
2.0339550010293848;0.9980499999999997
2.0346015086884877;0.9980499999999997
2.0352480163475906;0.9980999999999997
2.0358945240066935;0.9981499999999996
2.0365410316657964;0.9981999999999996
2.0371875393248993;0.9981999999999996
2.037834046984002;0.9982499999999996
2.038480554643105;0.9982499999999996
2.039127062302208;0.9982499999999996
2.0397735699613113;0.9982499999999996
2.040420077620414;0.9982499999999996
2.041066585279517;0.9983499999999996
2.04171309293862;0.9983499999999996
2.042359600597723;0.9983499999999996
2.043006108256826;0.9983499999999996
2.0436526159159287;0.9983499999999996
2.0442991235750316;0.9983499999999996
2.0449456312341345;0.9983499999999996
2.0455921388932374;0.9983499999999996
2.0462386465523403;0.9983499999999996
2.0468851542114432;0.9983499999999996
2.047531661870546;0.9983499999999996
2.048178169529649;0.9983499999999996
2.048824677188752;0.9984499999999996
2.049471184847855;0.9984999999999996
2.0501176925069577;0.9984999999999996
2.0507642001660606;0.9985499999999996
2.0514107078251635;0.9985999999999996
2.0520572154842665;0.9985999999999996
2.0527037231433694;0.9985999999999996
2.0533502308024723;0.9986499999999996
2.053996738461575;0.9986499999999996
2.054643246120678;0.9986499999999996
2.055289753779781;0.9986499999999996
2.055936261438884;0.9986499999999996
2.0565827690979868;0.9986499999999996
2.0572292767570897;0.9986999999999996
2.0578757844161926;0.9987499999999996
2.0585222920752955;0.9987999999999996
2.0591687997343984;0.9987999999999996
2.0598153073935013;0.9988499999999996
2.060461815052604;0.9988499999999996
2.061108322711707;0.9988999999999996
2.06175483037081;0.9988999999999996
2.0624013380299133;0.9988999999999996
2.0630478456890162;0.9988999999999996
2.063694353348119;0.9989499999999996
2.064340861007222;0.9989499999999996
2.064987368666325;0.9989499999999996
2.065633876325428;0.9989499999999996
2.0662803839845307;0.9989499999999996
2.0669268916436336;0.9989499999999996
2.0675733993027365;0.9989999999999996
2.0682199069618394;0.9989999999999996
2.0688664146209423;0.9989999999999996
2.0695129222800452;0.9989999999999996
2.0701594299391486;0.9989999999999996
2.0708059375982515;0.9989999999999996
2.0714524452573544;0.9989999999999996
2.0720989529164573;0.9989999999999996
2.07274546057556;0.9989999999999996
2.073391968234663;0.9989999999999996
2.074038475893766;0.9989999999999996
2.074684983552869;0.9990499999999995
2.075331491211972;0.9990499999999995
2.0759779988710747;0.9990499999999995
2.0766245065301776;0.9990499999999995
2.0772710141892805;0.9990499999999995
2.0779175218483834;0.9990499999999995
2.0785640295074863;0.9990499999999995
2.079210537166589;0.9990499999999995
2.079857044825692;0.9990499999999995
2.080503552484795;0.9990499999999995
2.081150060143898;0.9990499999999995
2.081796567803001;0.9990499999999995
2.0824430754621037;0.9990499999999995
2.0830895831212066;0.9990499999999995
2.0837360907803095;0.9990499999999995
2.0843825984394124;0.9990499999999995
2.0850291060985153;0.9990999999999995
2.0856756137576182;0.9990999999999995
2.086322121416721;0.9990999999999995
2.086968629075824;0.9990999999999995
2.087615136734927;0.9990999999999995
2.08826164439403;0.9990999999999995
2.0889081520531327;0.9990999999999995
2.0895546597122356;0.9990999999999995
2.0902011673713385;0.9990999999999995
2.0908476750304414;0.9991499999999995
2.0914941826895443;0.9991999999999995
2.0921406903486472;0.9991999999999995
2.0927871980077506;0.9991999999999995
2.0934337056668535;0.9992499999999995
2.0940802133259564;0.9992499999999995
2.0947267209850593;0.9992499999999995
2.095373228644162;0.9992499999999995
2.096019736303265;0.9992499999999995
2.096666243962368;0.9992999999999995
2.097312751621471;0.9992999999999995
2.097959259280574;0.9992999999999995
2.0986057669396767;0.9992999999999995
2.0992522745987796;0.9993499999999995
2.0998987822578825;0.9993499999999995
2.100545289916986;0.9993499999999995
2.1011917975760888;0.9993499999999995
2.1018383052351917;0.9993999999999995
2.1024848128942946;0.9994499999999995
2.1031313205533975;0.9994499999999995
2.1037778282125004;0.9994499999999995
2.1044243358716033;0.9994499999999995
2.105070843530706;0.9994499999999995
2.105717351189809;0.9994499999999995
2.106363858848912;0.9994499999999995
2.107010366508015;0.9994499999999995
2.1076568741671178;0.9994499999999995
2.1083033818262207;0.9994499999999995
2.1089498894853236;0.9994499999999995
2.1095963971444265;0.9995499999999995
2.1102429048035294;0.9995499999999995
2.1108894124626323;0.9995499999999995
2.111535920121735;0.9995499999999995
2.112182427780838;0.9995499999999995
2.112828935439941;0.9995499999999995
2.113475443099044;0.9995499999999995
2.114121950758147;0.9995499999999995
2.1147684584172497;0.9995999999999995
2.1154149660763526;0.9996499999999995
2.1160614737354555;0.9996499999999995
2.1167079813945584;0.9996499999999995
2.1173544890536613;0.9996499999999995
2.118000996712764;0.9996499999999995
2.118647504371867;0.9996499999999995
2.11929401203097;0.9996499999999995
2.119940519690073;0.9996499999999995
2.120587027349176;0.9996499999999995
2.1212335350082787;0.9996499999999995
2.1218800426673816;0.9996499999999995
2.1225265503264845;0.9996499999999995
2.1231730579855874;0.9996499999999995
2.1238195656446908;0.9996499999999995
2.1244660733037937;0.9996499999999995
2.1251125809628966;0.9996499999999995
2.1257590886219995;0.9996999999999995
2.1264055962811024;0.9996999999999995
2.1270521039402053;0.9996999999999995
2.127698611599308;0.9996999999999995
2.128345119258411;0.9996999999999995
2.128991626917514;0.9996999999999995
2.129638134576617;0.9996999999999995
2.13028464223572;0.9996999999999995
2.1309311498948227;0.9996999999999995
2.131577657553926;0.9996999999999995
2.132224165213029;0.9996999999999995
2.132870672872132;0.9996999999999995
2.1335171805312347;0.9996999999999995
2.1341636881903376;0.9996999999999995
2.1348101958494405;0.9996999999999995
2.1354567035085434;0.9996999999999995
2.1361032111676463;0.9996999999999995
2.1367497188267492;0.9997499999999995
2.137396226485852;0.9997499999999995
2.138042734144955;0.9997499999999995
2.138689241804058;0.9997499999999995
2.139335749463161;0.9997499999999995
2.1399822571222638;0.9997499999999995
2.1406287647813667;0.9997499999999995
2.1412752724404696;0.9997499999999995
2.1419217800995725;0.9997499999999995
2.1425682877586754;0.9997499999999995
2.1432147954177783;0.9997499999999995
2.143861303076881;0.9997499999999995
2.144507810735984;0.9997499999999995
2.145154318395087;0.9997999999999995
2.14580082605419;0.9997999999999995
2.1464473337132928;0.9997999999999995
2.1470938413723957;0.9997999999999995
2.1477403490314986;0.9997999999999995
2.1483868566906015;0.9997999999999995
2.1490333643497044;0.9997999999999995
2.1496798720088073;0.9997999999999995
2.15032637966791;0.9997999999999995
2.150972887327013;0.9997999999999995
2.151619394986116;0.9997999999999995
2.152265902645219;0.9997999999999995
2.152912410304322;0.9997999999999995
2.1535589179634247;0.9997999999999995
2.154205425622528;0.9997999999999995
2.154851933281631;0.9997999999999995
2.155498440940734;0.9997999999999995
2.1561449485998367;0.9997999999999995
2.1567914562589396;0.9997999999999995
2.1574379639180425;0.9997999999999995
2.1580844715771454;0.9997999999999995
2.1587309792362483;0.9997999999999995
2.1593774868953513;0.9997999999999995
2.160023994554454;0.9997999999999995
2.160670502213557;0.9997999999999995
2.16131700987266;0.9997999999999995
2.1619635175317633;0.9997999999999995
2.162610025190866;0.9997999999999995
2.163256532849969;0.9997999999999995
2.163903040509072;0.9997999999999995
2.164549548168175;0.9997999999999995
2.165196055827278;0.9997999999999995
2.1658425634863807;0.9997999999999995
2.1664890711454836;0.9997999999999995
2.1671355788045865;0.9997999999999995
2.1677820864636894;0.9997999999999995
2.1684285941227923;0.9997999999999995
2.169075101781895;0.9997999999999995
2.169721609440998;0.9997999999999995
2.170368117100101;0.9997999999999995
2.171014624759204;0.9997999999999995
2.171661132418307;0.9997999999999995
2.1723076400774097;0.9997999999999995
2.1729541477365126;0.9997999999999995
2.1736006553956155;0.9997999999999995
2.1742471630547184;0.9997999999999995
2.1748936707138213;0.9997999999999995
2.1755401783729242;0.9997999999999995
2.176186686032027;0.9997999999999995
2.17683319369113;0.9997999999999995
2.177479701350233;0.9997999999999995
2.178126209009336;0.9997999999999995
2.1787727166684387;0.9997999999999995
2.1794192243275416;0.9997999999999995
2.1800657319866446;0.9997999999999995
2.1807122396457475;0.9998499999999995
2.1813587473048504;0.9998499999999995
2.1820052549639533;0.9998499999999995
2.182651762623056;0.9998499999999995
2.183298270282159;0.9998499999999995
2.183944777941262;0.9998499999999995
2.184591285600365;0.9998499999999995
2.185237793259468;0.9998499999999995
2.185884300918571;0.9998499999999995
2.186530808577674;0.9998499999999995
2.187177316236777;0.9998499999999995
2.18782382389588;0.9998499999999995
2.1884703315549827;0.9998499999999995
2.1891168392140856;0.9998499999999995
2.1897633468731885;0.9998499999999995
2.1904098545322914;0.9998499999999995
2.1910563621913943;0.9998499999999995
2.1917028698504972;0.9998499999999995
2.1923493775096006;0.9998499999999995
2.1929958851687035;0.9998499999999995
2.1936423928278064;0.9998499999999995
2.1942889004869093;0.9998499999999995
2.194935408146012;0.9998499999999995
2.195581915805115;0.9998499999999995
2.196228423464218;0.9998999999999995
2.196874931123321;0.9998999999999995
2.197521438782424;0.9998999999999995
2.1981679464415267;0.9998999999999995
2.1988144541006296;0.9998999999999995
2.1994609617597325;0.9998999999999995
2.2001074694188354;0.9998999999999995
2.2007539770779383;0.9998999999999995
2.201400484737041;0.9998999999999995
2.202046992396144;0.9998999999999995
2.202693500055247;0.9999499999999995
